-----------------------------------1-----------------------------------
[  0. 100. 100. 100. 100. 100. 100. 100. 100. 100. 100. 100. 100. 100.
 100. 100. 100. 100. 100. 100. 100. 100. 100. 100. 100. 100. 100. 100.
 100. 100. 100. 100. 100. 100. 100. 100. 100. 100. 100. 100. 100. 100.
 100. 100. 100. 100. 100. 100. 100. 100. 100. 100. 100. 100. 100. 100.
 100. 100. 100. 100. 100. 100. 100. 100. 100. 100. 100. 100. 100. 100.
 100. 100. 100. 100. 100. 100. 100. 100. 100. 100. 100. 100. 100. 100.
 100. 100. 100. 100. 100. 100. 100. 100. 100. 100. 100. 100. 100. 100.
 100. 100.   0.]
-----------------------------------2-----------------------------------
[ 0.          2.46122511  4.84497683  7.15314852  9.38757352 11.55002662
 13.64222539 15.66583165 17.62245271 19.51364268 21.34090369 23.10568712
 24.80939469 26.45337965 28.03894776 29.56735843 31.03982565 32.45751897
 33.82156444 35.1330455  36.39300383 37.60244021 38.76231526 39.87355025
 40.93702782 41.95359268 42.92405225 43.84917737 44.72970284 45.56632805
 46.35971751 47.11050141 47.81927608 48.48660447 49.11301665 49.69901016
 50.24505045 50.75157122 51.2189748  51.64763244 52.03788461 52.39004129
 52.70438218 52.98115696 53.22058547 53.42285789 53.58813487 53.71654769
 53.80819835 53.86315964 53.88147522 53.86315964 53.80819835 53.71654769
 53.58813487 53.42285789 53.22058547 52.98115696 52.70438218 52.39004129
 52.03788461 51.64763244 51.2189748  50.75157122 50.24505045 49.69901016
 49.11301665 48.48660447 47.81927608 47.11050141 46.35971751 45.56632805
 44.72970284 43.84917737 42.92405225 41.95359268 40.93702782 39.87355025
 38.76231526 37.60244021 36.39300383 35.1330455  33.82156444 32.45751897
 31.03982565 29.56735843 28.03894776 26.45337965 24.80939469 23.10568712
 21.34090369 19.51364268 17.62245271 15.66583165 13.64222539 11.55002662
  9.38757352  7.15314852  4.84497683  2.46122511  0.        ]
-----------------------------------3-----------------------------------
[ 0.          0.82787757  1.6544578   2.47850386  3.29883693  4.11433381
  4.92392465  5.72659069  6.52136216  7.30731623  8.08357501  8.84930372
  9.60370883 10.34603632 11.07557002 11.79163    12.49357101 13.18078105
 13.85267991 14.50871781 15.14837416 15.77115627 16.37659815 16.96425944
 17.53372426 18.08460024 18.61651748 19.12912766 19.62210312 20.09513604
 20.54793763 20.98023735 21.39178225 21.78233624 22.15167948 22.49960778
 22.82593206 23.1304778  23.41308457 23.6736056  23.91190733 24.12786907
 24.32138264 24.49235208 24.64069335 24.76633409 24.86921344 24.94928184
 25.00650088 25.04084322 25.05229249 25.04084322 25.00650088 24.94928184
 24.86921344 24.76633409 24.64069335 24.49235208 24.32138264 24.12786907
 23.91190733 23.6736056  23.41308457 23.1304778  22.82593206 22.49960778
 22.15167948 21.78233624 21.39178225 20.98023735 20.54793763 20.09513604
 19.62210312 19.12912766 18.61651748 18.08460024 17.53372426 16.96425944
 16.37659815 15.77115627 15.14837416 14.50871781 13.85267991 13.18078105
 12.49357101 11.79163    11.07557002 10.34603632  9.60370883  8.84930372
  8.08357501  7.30731623  6.52136216  5.72659069  4.92392465  4.11433381
  3.29883693  2.47850386  1.6544578   0.82787757  0.        ]
-----------------------------------4-----------------------------------
[ 0.          0.35697957  0.71358511  1.06944333  1.42418236  1.77743239
  2.12882625  2.47800001  2.82459347  3.16825066  3.50862025  3.84535603
  4.17811726  4.50656904  4.83038262  5.14923576  5.46281296  5.77080575
  6.07291292  6.36884075  6.65830321  6.94102216  7.21672748  7.48515727
  7.74605797  7.99918449  8.24430033  8.4811777   8.70959759  8.92934985
  9.14023332  9.34205585  9.53463436  9.71779494  9.89137286 10.05521263
 10.20916802 10.35310213 10.48688739 10.61040559 10.72354791 10.82621495
 10.9183167  10.99977262 11.07051162 11.13047205 11.17960174 11.21785801
 11.24520765 11.26162692 11.26710159 11.26162692 11.24520765 11.21785801
 11.17960174 11.13047205 11.07051162 10.99977262 10.9183167  10.82621495
 10.72354791 10.61040559 10.48688739 10.35310213 10.20916802 10.05521263
  9.89137286  9.71779494  9.53463436  9.34205585  9.14023332  8.92934985
  8.70959759  8.4811777   8.24430033  7.99918449  7.74605797  7.48515727
  7.21672748  6.94102216  6.65830321  6.36884075  6.07291292  5.77080575
  5.46281296  5.14923576  4.83038262  4.50656904  4.17811726  3.84535603
  3.50862025  3.16825066  2.82459347  2.47800001  2.12882625  1.77743239
  1.42418236  1.06944333  0.71358511  0.35697957  0.        ]
-----------------------------------5-----------------------------------
[0.         0.15832514 0.31649249 0.47434444 0.63172371 0.78847355
 0.94443787 1.09946145 1.25339008 1.40607073 1.55735172 1.70708284
 1.85511557 2.00130317 2.14550089 2.28756605 2.42735824 2.56473941
 2.69957406 2.83172933 2.96107513 3.08748428 3.21083263 3.33099917
 3.44786613 3.5613191  3.67124716 3.77754292 3.88010266 3.97882642
 4.07361806 4.16438537 4.25104014 4.33349825 4.4116797  4.48550872
 4.55491382 4.61982785 4.68018803 4.73593604 4.78701807 4.83338481
 4.87499155 4.91179817 4.94376923 4.97087391 4.99308613 5.0103845
 5.02275239 5.03017788 5.03265384 5.03017788 5.02275239 5.0103845
 4.99308613 4.97087391 4.94376923 4.91179817 4.87499155 4.83338481
 4.78701807 4.73593604 4.68018803 4.61982785 4.55491382 4.48550872
 4.4116797  4.33349825 4.25104014 4.16438537 4.07361806 3.97882642
 3.88010266 3.77754292 3.67124716 3.5613191  3.44786613 3.33099917
 3.21083263 3.08748428 2.96107513 2.83172933 2.69957406 2.56473941
 2.42735824 2.28756605 2.14550089 2.00130317 1.85511557 1.70708284
 1.55735172 1.40607073 1.25339008 1.09946145 0.94443787 0.78847355
 0.63172371 0.47434444 0.31649249 0.15832514 0.        ]
-----------------------------------6-----------------------------------
[0.         0.07053497 0.1410002  0.21132605 0.28144298 0.3512817
 0.42077316 0.48984868 0.55843999 0.62647932 0.69389943 0.76063372
 0.82661626 0.89178188 0.95606622 1.01940582 1.08173814 1.14300165
 1.20313591 1.26208156 1.31978048 1.37617574 1.43121173 1.48483421
 1.5369903  1.58762863 1.63669928 1.68415392 1.72994582 1.77402989
 1.81636273 1.85690266 1.8956098  1.93244607 1.96737521 2.00036289
 2.03137666 2.06038603 2.08736247 2.11227948 2.13511256 2.15583928
 2.17443927 2.19089425 2.20518807 2.21730668 2.22723818 2.23497281
 2.24050298 2.24382325 2.24493037 2.24382325 2.24050298 2.23497281
 2.22723818 2.21730668 2.20518807 2.19089425 2.17443927 2.15583928
 2.13511256 2.11227948 2.08736247 2.06038603 2.03137666 2.00036289
 1.96737521 1.93244607 1.8956098  1.85690266 1.81636273 1.77402989
 1.72994582 1.68415392 1.63669928 1.58762863 1.5369903  1.48483421
 1.43121173 1.37617574 1.31978048 1.26208156 1.20313591 1.14300165
 1.08173814 1.01940582 0.95606622 0.89178188 0.82661626 0.76063372
 0.69389943 0.62647932 0.55843999 0.48984868 0.42077316 0.3512817
 0.28144298 0.21132605 0.1410002  0.07053497 0.        ]
-----------------------------------7-----------------------------------
[0.         0.03144855 0.06286605 0.09422149 0.12548392 0.15662248
 0.18760641 0.21840515 0.24898829 0.27932563 0.30938723 0.33914343
 0.36856484 0.39762242 0.42628751 0.4545318  0.48232742 0.50964694
 0.5364634  0.56275033 0.58848179 0.61363239 0.63817732 0.66209236
 0.6853539  0.70793901 0.72982539 0.75099146 0.77141633 0.79107986
 0.80996265 0.82804607 0.84531229 0.86174428 0.87732582 0.89204156
 0.90587697 0.91881842 0.93085315 0.94196927 0.95215584 0.96140281
 0.96970106 0.9770424  0.9834196  0.98882637 0.99325738 0.99670826
 0.99917561 1.00065699 1.00115095 1.00065699 0.99917561 0.99670826
 0.99325738 0.98882637 0.9834196  0.9770424  0.96970106 0.96140281
 0.95215584 0.94196927 0.93085315 0.91881842 0.90587697 0.89204156
 0.87732582 0.86174428 0.84531229 0.82804607 0.80996265 0.79107986
 0.77141633 0.75099146 0.72982539 0.70793901 0.6853539  0.66209236
 0.63817732 0.61363239 0.58848179 0.56275033 0.5364634  0.50964694
 0.48232742 0.4545318  0.42628751 0.39762242 0.36856484 0.33914343
 0.30938723 0.27932563 0.24898829 0.21840515 0.18760641 0.15662248
 0.12548392 0.09422149 0.06286605 0.03144855 0.        ]
-----------------------------------8-----------------------------------
[0.         0.01402357 0.0280333  0.04201536 0.05595595 0.06984132
 0.08365777 0.09739164 0.1110294  0.12455758 0.13796283 0.15123192
 0.16435176 0.17730939 0.19009203 0.20268706 0.21508206 0.22726479
 0.23922323 0.25094558 0.26242027 0.27363597 0.28458161 0.29524641
 0.30561982 0.31569161 0.32545185 0.33489091 0.34399946 0.35276852
 0.36118944 0.36925391 0.37695396 0.38428201 0.39123081 0.39779352
 0.40396366 0.40973513 0.41510225 0.42005971 0.42460264 0.42872653
 0.43242733 0.43570138 0.43854546 0.44095675 0.44293287 0.44447189
 0.44557227 0.44623293 0.44645322 0.44623293 0.44557227 0.44447189
 0.44293287 0.44095675 0.43854546 0.43570138 0.43242733 0.42872653
 0.42460264 0.42005971 0.41510225 0.40973513 0.40396366 0.39779352
 0.39123081 0.38428201 0.37695396 0.36925391 0.36118944 0.35276852
 0.34399946 0.33489091 0.32545185 0.31569161 0.30561982 0.29524641
 0.28458161 0.27363597 0.26242027 0.25094558 0.23922323 0.22726479
 0.21508206 0.20268706 0.19009203 0.17730939 0.16435176 0.15123192
 0.13796283 0.12455758 0.1110294  0.09739164 0.08365777 0.06984132
 0.05595595 0.04201536 0.0280333  0.01402357 0.        ]
-----------------------------------9-----------------------------------
[0.         0.00625357 0.01250096 0.01873602 0.02495259 0.03114453
 0.03730574 0.04343013 0.04951166 0.05554432 0.06152217 0.06743931
 0.07328989 0.07906814 0.08476836 0.09038492 0.09591228 0.10134499
 0.10667769 0.1119051  0.11702208 0.12202357 0.12690463 0.13166046
 0.13628635 0.14077774 0.14513021 0.14933944 0.1534013  0.15731176
 0.16106698 0.16466325 0.16809701 0.17136488 0.17446363 0.17739021
 0.18014173 0.18271547 0.18510889 0.18731963 0.18934551 0.19118453
 0.19283487 0.19429491 0.19556321 0.1966385  0.19751974 0.19820605
 0.19869676 0.19899138 0.19908962 0.19899138 0.19869676 0.19820605
 0.19751974 0.1966385  0.19556321 0.19429491 0.19283487 0.19118453
 0.18934551 0.18731963 0.18510889 0.18271547 0.18014173 0.17739021
 0.17446363 0.17136488 0.16809701 0.16466325 0.16106698 0.15731176
 0.1534013  0.14933944 0.14513021 0.14077774 0.13628635 0.13166046
 0.12690463 0.12202357 0.11702208 0.1119051  0.10667769 0.10134499
 0.09591228 0.09038492 0.08476836 0.07906814 0.07328989 0.06743931
 0.06152217 0.05554432 0.04951166 0.04343013 0.03730574 0.03114453
 0.02495259 0.01873602 0.01250096 0.00625357 0.        ]
-----------------------------------10-----------------------------------
[0.         0.00278868 0.00557461 0.00835504 0.01112723 0.01388843
 0.01663593 0.01936701 0.02207897 0.02476915 0.02743488 0.03007354
 0.03268252 0.03525924 0.03780117 0.04030579 0.04277064 0.04519327
 0.04757131 0.0499024  0.05218424 0.05441458 0.05659122 0.05871201
 0.06077486 0.06277774 0.06471865 0.0665957  0.06840703 0.07015085
 0.07182543 0.07342914 0.07496038 0.07641764 0.07779949 0.07910455
 0.08033155 0.08147928 0.08254659 0.08353244 0.08443586 0.08525594
 0.08599189 0.08664297 0.08720855 0.08768807 0.08808104 0.0883871
 0.08860592 0.0887373  0.08878111 0.0887373  0.08860592 0.0883871
 0.08808104 0.08768807 0.08720855 0.08664297 0.08599189 0.08525594
 0.08443586 0.08353244 0.08254659 0.08147928 0.08033155 0.07910455
 0.07779949 0.07641764 0.07496038 0.07342914 0.07182543 0.07015085
 0.06840703 0.0665957  0.06471865 0.06277774 0.06077486 0.05871201
 0.05659122 0.05441458 0.05218424 0.0499024  0.04757131 0.04519327
 0.04277064 0.04030579 0.03780117 0.03525924 0.03268252 0.03007354
 0.02743488 0.02476915 0.02207897 0.01936701 0.01663593 0.01388843
 0.01112723 0.00835504 0.00557461 0.00278868 0.        ]
-----------------------------------11-----------------------------------
[0.         0.00124357 0.00248592 0.00372581 0.00496202 0.00619334
 0.00741854 0.00863643 0.00984579 0.01104543 0.01223418 0.01341085
 0.01457428 0.01572334 0.01685687 0.01797377 0.01907293 0.02015327
 0.02121372 0.02225324 0.02327079 0.02426538 0.02523602 0.02618175
 0.02710165 0.0279948  0.02886033 0.02969737 0.0305051  0.03128273
 0.03202949 0.03274464 0.03342747 0.03407732 0.03469353 0.03527551
 0.03582267 0.03633448 0.03681044 0.03725006 0.03765293 0.03801863
 0.03834682 0.03863716 0.03888937 0.0391032  0.03927844 0.03941492
 0.03951251 0.03957109 0.03959063 0.03957109 0.03951251 0.03941492
 0.03927844 0.0391032  0.03888937 0.03863716 0.03834682 0.03801863
 0.03765293 0.03725006 0.03681044 0.03633448 0.03582267 0.03527551
 0.03469353 0.03407732 0.03342747 0.03274464 0.03202949 0.03128273
 0.0305051  0.02969737 0.02886033 0.0279948  0.02710165 0.02618175
 0.02523602 0.02426538 0.02327079 0.02225324 0.02121372 0.02015327
 0.01907293 0.01797377 0.01685687 0.01572334 0.01457428 0.01341085
 0.01223418 0.01104543 0.00984579 0.00863643 0.00741854 0.00619334
 0.00496202 0.00372581 0.00248592 0.00124357 0.        ]
-----------------------------------12-----------------------------------
[0.         0.00055455 0.00110856 0.00166147 0.00221274 0.00276183
 0.00330819 0.00385129 0.00439058 0.00492555 0.00545565 0.00598037
 0.00649919 0.00701159 0.00751707 0.00801514 0.00850529 0.00898705
 0.00945995 0.0099235  0.01037726 0.01082079 0.01125363 0.01167537
 0.01208558 0.01248387 0.01286984 0.0132431  0.0136033  0.01395007
 0.01428308 0.01460199 0.01490649 0.01519628 0.01547107 0.01573059
 0.01597459 0.01620283 0.01641507 0.01661112 0.01679077 0.01695385
 0.0171002  0.01722967 0.01734214 0.0174375  0.01751564 0.0175765
 0.01762002 0.01764615 0.01765486 0.01764615 0.01762002 0.0175765
 0.01751564 0.0174375  0.01734214 0.01722967 0.0171002  0.01695385
 0.01679077 0.01661112 0.01641507 0.01620283 0.01597459 0.01573059
 0.01547107 0.01519628 0.01490649 0.01460199 0.01428308 0.01395007
 0.0136033  0.0132431  0.01286984 0.01248387 0.01208558 0.01167537
 0.01125363 0.01082079 0.01037726 0.0099235  0.00945995 0.00898705
 0.00850529 0.00801514 0.00751707 0.00701159 0.00649919 0.00598037
 0.00545565 0.00492555 0.00439058 0.00385129 0.00330819 0.00276183
 0.00221274 0.00166147 0.00110856 0.00055455 0.        ]
-----------------------------------13-----------------------------------
[0.         0.00024729 0.00049434 0.00074091 0.00098674 0.0012316
 0.00147524 0.00171742 0.00195792 0.00219648 0.00243287 0.00266686
 0.00289822 0.00312671 0.00335213 0.00357423 0.00379281 0.00400764
 0.00421852 0.00442524 0.00462759 0.00482537 0.00501839 0.00520646
 0.00538939 0.005567   0.00573911 0.00590557 0.00606619 0.00622083
 0.00636933 0.00651154 0.00664733 0.00677656 0.0068991  0.00701483
 0.00712363 0.00722541 0.00732006 0.00740748 0.00748759 0.00756032
 0.00762558 0.00768332 0.00773347 0.00777599 0.00781084 0.00783798
 0.00785739 0.00786904 0.00787292 0.00786904 0.00785739 0.00783798
 0.00781084 0.00777599 0.00773347 0.00768332 0.00762558 0.00756032
 0.00748759 0.00740748 0.00732006 0.00722541 0.00712363 0.00701483
 0.0068991  0.00677656 0.00664733 0.00651154 0.00636933 0.00622083
 0.00606619 0.00590557 0.00573911 0.005567   0.00538939 0.00520646
 0.00501839 0.00482537 0.00462759 0.00442524 0.00421852 0.00400764
 0.00379281 0.00357423 0.00335213 0.00312671 0.00289822 0.00266686
 0.00243287 0.00219648 0.00195792 0.00171742 0.00147524 0.0012316
 0.00098674 0.00074091 0.00049434 0.00024729 0.        ]
-----------------------------------14-----------------------------------
[0.         0.00011028 0.00022045 0.0003304  0.00044002 0.00054921
 0.00065786 0.00076586 0.0008731  0.00097949 0.0010849  0.00118925
 0.00129242 0.00139431 0.00149483 0.00159388 0.00169135 0.00178715
 0.00188119 0.00197337 0.0020636  0.0021518  0.00223788 0.00232174
 0.00240332 0.00248252 0.00255927 0.0026335  0.00270513 0.00277409
 0.00284031 0.00290373 0.00296428 0.00302191 0.00307655 0.00312816
 0.00317668 0.00322207 0.00326427 0.00330326 0.00333898 0.00337141
 0.00340052 0.00342626 0.00344863 0.00346759 0.00348313 0.00349523
 0.00350389 0.00350908 0.00351081 0.00350908 0.00350389 0.00349523
 0.00348313 0.00346759 0.00344863 0.00342626 0.00340052 0.00337141
 0.00333898 0.00330326 0.00326427 0.00322207 0.00317668 0.00312816
 0.00307655 0.00302191 0.00296428 0.00290373 0.00284031 0.00277409
 0.00270513 0.0026335  0.00255927 0.00248252 0.00240332 0.00232174
 0.00223788 0.0021518  0.0020636  0.00197337 0.00188119 0.00178715
 0.00169135 0.00159388 0.00149483 0.00139431 0.00129242 0.00118925
 0.0010849  0.00097949 0.0008731  0.00076586 0.00065786 0.00054921
 0.00044002 0.0003304  0.00022045 0.00011028 0.        ]
-----------------------------------15-----------------------------------
[0.00000000e+00 4.91765483e-05 9.83045652e-05 1.47335567e-04
 1.96221167e-04 2.44913120e-04 2.93363374e-04 3.41524113e-04
 3.89347809e-04 4.36787266e-04 4.83795667e-04 5.30326620e-04
 5.76334204e-04 6.21773016e-04 6.66598213e-04 7.10765559e-04
 7.54231464e-04 7.96953034e-04 8.38888108e-04 8.79995300e-04
 9.20234043e-04 9.59564627e-04 9.97948236e-04 1.03534699e-03
 1.07172398e-03 1.10704331e-03 1.14127012e-03 1.17437064e-03
 1.20631219e-03 1.23706326e-03 1.26659350e-03 1.29487376e-03
 1.32187614e-03 1.34757399e-03 1.37194194e-03 1.39495595e-03
 1.41659331e-03 1.43683266e-03 1.45565404e-03 1.47303885e-03
 1.48896996e-03 1.50343163e-03 1.51640960e-03 1.52789105e-03
 1.53786466e-03 1.54632059e-03 1.55325048e-03 1.55864750e-03
 1.56250632e-03 1.56482314e-03 1.56559567e-03 1.56482314e-03
 1.56250632e-03 1.55864750e-03 1.55325048e-03 1.54632059e-03
 1.53786466e-03 1.52789105e-03 1.51640960e-03 1.50343163e-03
 1.48896996e-03 1.47303885e-03 1.45565404e-03 1.43683266e-03
 1.41659331e-03 1.39495595e-03 1.37194194e-03 1.34757399e-03
 1.32187614e-03 1.29487376e-03 1.26659350e-03 1.23706326e-03
 1.20631219e-03 1.17437064e-03 1.14127012e-03 1.10704331e-03
 1.07172398e-03 1.03534699e-03 9.97948236e-04 9.59564627e-04
 9.20234043e-04 8.79995300e-04 8.38888108e-04 7.96953034e-04
 7.54231464e-04 7.10765559e-04 6.66598213e-04 6.21773016e-04
 5.76334204e-04 5.30326620e-04 4.83795667e-04 4.36787266e-04
 3.89347809e-04 3.41524113e-04 2.93363374e-04 2.44913120e-04
 1.96221167e-04 1.47335567e-04 9.83045652e-05 4.91765483e-05
 0.00000000e+00]
-----------------------------------16-----------------------------------
[0.00000000e+00 2.19295562e-05 4.38374706e-05 6.57021227e-05
 8.75019347e-05 1.09215393e-04 1.30821069e-04 1.52297640e-04
 1.73623912e-04 1.94778838e-04 2.15741540e-04 2.36491332e-04
 2.57007736e-04 2.77270504e-04 2.97259639e-04 3.16955415e-04
 3.36338394e-04 3.55389448e-04 3.74089776e-04 3.92420922e-04
 4.10364796e-04 4.27903689e-04 4.45020293e-04 4.61697716e-04
 4.77919499e-04 4.93669633e-04 5.08932575e-04 5.23693262e-04
 5.37937126e-04 5.51650112e-04 5.64818686e-04 5.77429851e-04
 5.89471164e-04 6.00930739e-04 6.11797268e-04 6.22060028e-04
 6.31708889e-04 6.40734329e-04 6.49127443e-04 6.56879946e-04
 6.63984187e-04 6.70433157e-04 6.76220490e-04 6.81340474e-04
 6.85788059e-04 6.89558853e-04 6.92649135e-04 6.95055857e-04
 6.96776642e-04 6.97809793e-04 6.98154290e-04 6.97809793e-04
 6.96776642e-04 6.95055857e-04 6.92649135e-04 6.89558853e-04
 6.85788059e-04 6.81340474e-04 6.76220490e-04 6.70433157e-04
 6.63984187e-04 6.56879946e-04 6.49127443e-04 6.40734329e-04
 6.31708889e-04 6.22060028e-04 6.11797268e-04 6.00930739e-04
 5.89471164e-04 5.77429851e-04 5.64818686e-04 5.51650112e-04
 5.37937126e-04 5.23693262e-04 5.08932575e-04 4.93669633e-04
 4.77919499e-04 4.61697716e-04 4.45020293e-04 4.27903689e-04
 4.10364796e-04 3.92420922e-04 3.74089776e-04 3.55389448e-04
 3.36338394e-04 3.16955415e-04 2.97259639e-04 2.77270504e-04
 2.57007736e-04 2.36491332e-04 2.15741540e-04 1.94778838e-04
 1.73623912e-04 1.52297640e-04 1.30821069e-04 1.09215393e-04
 8.75019347e-05 6.57021227e-05 4.38374706e-05 2.19295562e-05
 0.00000000e+00]
-----------------------------------17-----------------------------------
[0.00000000e+00 9.77916207e-06 1.95486733e-05 2.92988923e-05
 3.90201969e-05 4.87029933e-05 5.83377256e-05 6.79148857e-05
 7.74250220e-05 8.68587491e-05 9.62067572e-05 1.05459821e-04
 1.14608808e-04 1.23644691e-04 1.32558551e-04 1.41341591e-04
 1.49985145e-04 1.58480682e-04 1.66819817e-04 1.74994321e-04
 1.82996127e-04 1.90817337e-04 1.98450235e-04 2.05887285e-04
 2.13121150e-04 2.20144690e-04 2.26950974e-04 2.33533284e-04
 2.39885125e-04 2.46000229e-04 2.51872560e-04 2.57496324e-04
 2.62865969e-04 2.67976198e-04 2.72821966e-04 2.77398492e-04
 2.81701260e-04 2.85726022e-04 2.89468807e-04 2.92925921e-04
 2.96093953e-04 2.98969776e-04 3.01550551e-04 3.03833733e-04
 3.05817067e-04 3.07498597e-04 3.08876663e-04 3.09949905e-04
 3.10717264e-04 3.11177983e-04 3.11331606e-04 3.11177983e-04
 3.10717264e-04 3.09949905e-04 3.08876663e-04 3.07498597e-04
 3.05817067e-04 3.03833733e-04 3.01550551e-04 2.98969776e-04
 2.96093953e-04 2.92925921e-04 2.89468807e-04 2.85726022e-04
 2.81701260e-04 2.77398492e-04 2.72821966e-04 2.67976198e-04
 2.62865969e-04 2.57496324e-04 2.51872560e-04 2.46000229e-04
 2.39885125e-04 2.33533284e-04 2.26950974e-04 2.20144690e-04
 2.13121150e-04 2.05887285e-04 1.98450235e-04 1.90817337e-04
 1.82996127e-04 1.74994321e-04 1.66819817e-04 1.58480682e-04
 1.49985145e-04 1.41341591e-04 1.32558551e-04 1.23644691e-04
 1.14608808e-04 1.05459821e-04 9.62067572e-05 8.68587491e-05
 7.74250220e-05 6.79148857e-05 5.83377256e-05 4.87029933e-05
 3.90201969e-05 2.92988923e-05 1.95486733e-05 9.77916207e-06
 0.00000000e+00]
-----------------------------------18-----------------------------------
[0.00000000e+00 4.36087306e-06 8.71744246e-06 1.30654088e-05
 1.74004812e-05 2.17183813e-05 2.60148481e-05 3.02856414e-05
 3.45265463e-05 3.87333778e-05 4.29019841e-05 4.70282513e-05
 5.11081073e-05 5.51375257e-05 5.91125301e-05 6.30291975e-05
 6.68836628e-05 7.06721219e-05 7.43908362e-05 7.80361357e-05
 8.16044230e-05 8.50921766e-05 8.84959544e-05 9.18123974e-05
 9.50382327e-05 9.81702767e-05 1.01205439e-04 1.04140723e-04
 1.06973233e-04 1.09700173e-04 1.12318852e-04 1.14826687e-04
 1.17221201e-04 1.19500032e-04 1.21660931e-04 1.23701765e-04
 1.25620521e-04 1.27415304e-04 1.29084344e-04 1.30625993e-04
 1.32038730e-04 1.33321161e-04 1.34472020e-04 1.35490171e-04
 1.36374610e-04 1.37124463e-04 1.37738991e-04 1.38217588e-04
 1.38559780e-04 1.38765231e-04 1.38833737e-04 1.38765231e-04
 1.38559780e-04 1.38217588e-04 1.37738991e-04 1.37124463e-04
 1.36374610e-04 1.35490171e-04 1.34472020e-04 1.33321161e-04
 1.32038730e-04 1.30625993e-04 1.29084344e-04 1.27415304e-04
 1.25620521e-04 1.23701765e-04 1.21660931e-04 1.19500032e-04
 1.17221201e-04 1.14826687e-04 1.12318852e-04 1.09700173e-04
 1.06973233e-04 1.04140723e-04 1.01205439e-04 9.81702767e-05
 9.50382327e-05 9.18123975e-05 8.84959544e-05 8.50921766e-05
 8.16044230e-05 7.80361357e-05 7.43908362e-05 7.06721219e-05
 6.68836628e-05 6.30291975e-05 5.91125301e-05 5.51375257e-05
 5.11081073e-05 4.70282513e-05 4.29019841e-05 3.87333778e-05
 3.45265463e-05 3.02856414e-05 2.60148481e-05 2.17183813e-05
 1.74004812e-05 1.30654088e-05 8.71744246e-06 4.36087306e-06
 0.00000000e+00]
-----------------------------------19-----------------------------------
[0.00000000e+00 1.94466701e-06 3.88741486e-06 5.82632631e-06
 7.75948787e-06 9.68499176e-06 1.16009377e-05 1.35054350e-05
 1.53966040e-05 1.72725784e-05 1.91315069e-05 2.09715549e-05
 2.27909064e-05 2.45877662e-05 2.63603607e-05 2.81069408e-05
 2.98257827e-05 3.15151902e-05 3.31734959e-05 3.47990635e-05
 3.63902886e-05 3.79456008e-05 3.94634653e-05 4.09423842e-05
 4.23808978e-05 4.37775866e-05 4.51310723e-05 4.64400190e-05
 4.77031350e-05 4.89191738e-05 5.00869353e-05 5.12052670e-05
 5.22730653e-05 5.32892763e-05 5.42528973e-05 5.51629773e-05
 5.60186180e-05 5.68189752e-05 5.75632588e-05 5.82507345e-05
 5.88807237e-05 5.94526048e-05 5.99658133e-05 6.04198429e-05
 6.08142453e-05 6.11486314e-05 6.14226712e-05 6.16360942e-05
 6.17886898e-05 6.18803075e-05 6.19108568e-05 6.18803075e-05
 6.17886898e-05 6.16360942e-05 6.14226712e-05 6.11486314e-05
 6.08142453e-05 6.04198429e-05 5.99658133e-05 5.94526048e-05
 5.88807237e-05 5.82507345e-05 5.75632588e-05 5.68189752e-05
 5.60186180e-05 5.51629773e-05 5.42528973e-05 5.32892763e-05
 5.22730653e-05 5.12052670e-05 5.00869353e-05 4.89191738e-05
 4.77031350e-05 4.64400190e-05 4.51310723e-05 4.37775866e-05
 4.23808978e-05 4.09423842e-05 3.94634653e-05 3.79456008e-05
 3.63902886e-05 3.47990635e-05 3.31734959e-05 3.15151902e-05
 2.98257827e-05 2.81069408e-05 2.63603607e-05 2.45877662e-05
 2.27909064e-05 2.09715549e-05 1.91315069e-05 1.72725784e-05
 1.53966040e-05 1.35054350e-05 1.16009377e-05 9.68499176e-06
 7.75948787e-06 5.82632631e-06 3.88741486e-06 1.94466701e-06
 0.00000000e+00]
-----------------------------------20-----------------------------------
[0.00000000e+00 8.67195562e-07 1.73353531e-06 2.59816426e-06
 3.46022914e-06 4.31887919e-06 5.17326703e-06 6.02254948e-06
 6.86588840e-06 7.70245152e-06 8.53141325e-06 9.35195550e-06
 1.01632685e-05 1.09645516e-05 1.17550140e-05 1.25338756e-05
 1.33003678e-05 1.40537341e-05 1.47932311e-05 1.55181290e-05
 1.62277123e-05 1.69212809e-05 1.75981502e-05 1.82576522e-05
 1.88991362e-05 1.95219689e-05 2.01255359e-05 2.07092414e-05
 2.12725093e-05 2.18147839e-05 2.23355299e-05 2.28342334e-05
 2.33104023e-05 2.37635666e-05 2.41932792e-05 2.45991159e-05
 2.49806763e-05 2.53375837e-05 2.56694861e-05 2.59760557e-05
 2.62569901e-05 2.65120120e-05 2.67408698e-05 2.69433376e-05
 2.71192155e-05 2.72683301e-05 2.73905341e-05 2.74857069e-05
 2.75537547e-05 2.75946102e-05 2.76082332e-05 2.75946102e-05
 2.75537547e-05 2.74857069e-05 2.73905341e-05 2.72683301e-05
 2.71192155e-05 2.69433376e-05 2.67408698e-05 2.65120120e-05
 2.62569901e-05 2.59760557e-05 2.56694861e-05 2.53375837e-05
 2.49806763e-05 2.45991159e-05 2.41932792e-05 2.37635666e-05
 2.33104023e-05 2.28342334e-05 2.23355299e-05 2.18147839e-05
 2.12725093e-05 2.07092414e-05 2.01255359e-05 1.95219689e-05
 1.88991362e-05 1.82576522e-05 1.75981502e-05 1.69212809e-05
 1.62277123e-05 1.55181290e-05 1.47932311e-05 1.40537341e-05
 1.33003678e-05 1.25338756e-05 1.17550140e-05 1.09645516e-05
 1.01632685e-05 9.35195550e-06 8.53141325e-06 7.70245152e-06
 6.86588840e-06 6.02254948e-06 5.17326703e-06 4.31887919e-06
 3.46022914e-06 2.59816426e-06 1.73353531e-06 8.67195562e-07
 0.00000000e+00]
-----------------------------------21-----------------------------------
[0.00000000e+00 3.86713068e-07 7.73044496e-07 1.15861302e-06
 1.54303814e-06 1.92594046e-06 2.30694211e-06 2.68566709e-06
 3.06174164e-06 3.43479462e-06 3.80445788e-06 4.17036659e-06
 4.53215965e-06 4.88948002e-06 5.24197507e-06 5.58929691e-06
 5.93110280e-06 6.26705540e-06 6.59682318e-06 6.92008069e-06
 7.23650891e-06 7.54579557e-06 7.84763545e-06 8.14173065e-06
 8.42779095e-06 8.70553404e-06 8.97468582e-06 9.23498066e-06
 9.48616170e-06 9.72798104e-06 9.96020003e-06 1.01825895e-05
 1.03949300e-05 1.05970120e-05 1.07886359e-05 1.09696128e-05
 1.11397641e-05 1.12989217e-05 1.14469286e-05 1.15836388e-05
 1.17089174e-05 1.18226406e-05 1.19246964e-05 1.20149839e-05
 1.20934141e-05 1.21599095e-05 1.22144046e-05 1.22568455e-05
 1.22871904e-05 1.23054093e-05 1.23114843e-05 1.23054093e-05
 1.22871904e-05 1.22568455e-05 1.22144046e-05 1.21599095e-05
 1.20934141e-05 1.20149839e-05 1.19246964e-05 1.18226406e-05
 1.17089174e-05 1.15836388e-05 1.14469286e-05 1.12989217e-05
 1.11397641e-05 1.09696128e-05 1.07886359e-05 1.05970120e-05
 1.03949300e-05 1.01825895e-05 9.96020003e-06 9.72798104e-06
 9.48616170e-06 9.23498066e-06 8.97468582e-06 8.70553404e-06
 8.42779095e-06 8.14173065e-06 7.84763545e-06 7.54579557e-06
 7.23650891e-06 6.92008069e-06 6.59682318e-06 6.26705540e-06
 5.93110280e-06 5.58929691e-06 5.24197507e-06 4.88948002e-06
 4.53215965e-06 4.17036659e-06 3.80445788e-06 3.43479462e-06
 3.06174164e-06 2.68566709e-06 2.30694211e-06 1.92594046e-06
 1.54303814e-06 1.15861302e-06 7.73044496e-07 3.86713068e-07
 0.00000000e+00]
-----------------------------------22-----------------------------------
[0.00000000e+00 1.72448987e-07 3.44727788e-07 5.16666385e-07
 6.88095094e-07 8.58844736e-07 1.02874680e-06 1.19763362e-06
 1.36533852e-06 1.53169599e-06 1.69654186e-06 1.85971346e-06
 2.02104974e-06 2.18039148e-06 2.33758145e-06 2.49246450e-06
 2.64488779e-06 2.79470090e-06 2.94175598e-06 3.08590789e-06
 3.22701439e-06 3.36493622e-06 3.49953725e-06 3.63068467e-06
 3.75824904e-06 3.88210448e-06 4.00212874e-06 4.11820339e-06
 4.23021386e-06 4.33804963e-06 4.44160426e-06 4.54077557e-06
 4.63546568e-06 4.72558115e-06 4.81103304e-06 4.89173702e-06
 4.96761344e-06 5.03858743e-06 5.10458894e-06 5.16555284e-06
 5.22141897e-06 5.27213218e-06 5.31764243e-06 5.35790482e-06
 5.39287960e-06 5.42253225e-06 5.44683353e-06 5.46575943e-06
 5.47929129e-06 5.48741576e-06 5.49012480e-06 5.48741576e-06
 5.47929129e-06 5.46575943e-06 5.44683353e-06 5.42253225e-06
 5.39287960e-06 5.35790482e-06 5.31764243e-06 5.27213218e-06
 5.22141897e-06 5.16555284e-06 5.10458894e-06 5.03858743e-06
 4.96761344e-06 4.89173702e-06 4.81103304e-06 4.72558115e-06
 4.63546568e-06 4.54077557e-06 4.44160426e-06 4.33804963e-06
 4.23021386e-06 4.11820339e-06 4.00212874e-06 3.88210448e-06
 3.75824904e-06 3.63068467e-06 3.49953725e-06 3.36493622e-06
 3.22701439e-06 3.08590789e-06 2.94175598e-06 2.79470090e-06
 2.64488779e-06 2.49246450e-06 2.33758145e-06 2.18039148e-06
 2.02104974e-06 1.85971346e-06 1.69654186e-06 1.53169599e-06
 1.36533852e-06 1.19763362e-06 1.02874680e-06 8.58844736e-07
 6.88095094e-07 5.16666385e-07 3.44727788e-07 1.72448987e-07
 0.00000000e+00]
-----------------------------------23-----------------------------------
[0.00000000e+00 7.69010819e-08 1.53726272e-07 2.30399752e-07
 3.06845856e-07 3.82989140e-07 4.58754460e-07 5.34067044e-07
 6.08852569e-07 6.83037230e-07 7.56547816e-07 8.29311780e-07
 9.01257314e-07 9.72313416e-07 1.04240996e-06 1.11147777e-06
 1.17944869e-06 1.24625564e-06 1.31183268e-06 1.37611510e-06
 1.43903946e-06 1.50054366e-06 1.56056701e-06 1.61905027e-06
 1.67593572e-06 1.73116722e-06 1.78469027e-06 1.83645205e-06
 1.88640147e-06 1.93448923e-06 1.98066790e-06 2.02489188e-06
 2.06711754e-06 2.10730320e-06 2.14540921e-06 2.18139796e-06
 2.21523393e-06 2.24688373e-06 2.27631613e-06 2.30350208e-06
 2.32841476e-06 2.35102957e-06 2.37132419e-06 2.38927861e-06
 2.40487510e-06 2.41809826e-06 2.42893506e-06 2.43737478e-06
 2.44340912e-06 2.44703210e-06 2.44824016e-06 2.44703210e-06
 2.44340912e-06 2.43737478e-06 2.42893506e-06 2.41809826e-06
 2.40487510e-06 2.38927861e-06 2.37132419e-06 2.35102957e-06
 2.32841476e-06 2.30350208e-06 2.27631613e-06 2.24688373e-06
 2.21523393e-06 2.18139796e-06 2.14540921e-06 2.10730320e-06
 2.06711754e-06 2.02489188e-06 1.98066790e-06 1.93448923e-06
 1.88640147e-06 1.83645205e-06 1.78469027e-06 1.73116722e-06
 1.67593572e-06 1.61905027e-06 1.56056701e-06 1.50054366e-06
 1.43903946e-06 1.37611510e-06 1.31183268e-06 1.24625564e-06
 1.17944869e-06 1.11147777e-06 1.04240996e-06 9.72313416e-07
 9.01257314e-07 8.29311780e-07 7.56547816e-07 6.83037230e-07
 6.08852569e-07 5.34067044e-07 4.58754460e-07 3.82989140e-07
 3.06845856e-07 2.30399752e-07 1.53726272e-07 7.69010819e-08
 0.00000000e+00]
-----------------------------------24-----------------------------------
[0.00000000e+00 3.42929030e-08 6.85519630e-08 1.02743370e-07
 1.36833383e-07 1.70788357e-07 2.04574783e-07 2.38159320e-07
 2.71508821e-07 3.04590376e-07 3.37371337e-07 3.69819354e-07
 4.01902403e-07 4.33588823e-07 4.64847344e-07 4.95647116e-07
 5.25957744e-07 5.55749316e-07 5.84992430e-07 6.13658227e-07
 6.41718418e-07 6.69145310e-07 6.95911836e-07 7.21991581e-07
 7.47358808e-07 7.71988482e-07 7.95856297e-07 8.18938697e-07
 8.41212904e-07 8.62656935e-07 8.83249628e-07 9.02970660e-07
 9.21800570e-07 9.39720773e-07 9.56713585e-07 9.72762237e-07
 9.87850890e-07 1.00196465e-06 1.01508960e-06 1.02721277e-06
 1.03832221e-06 1.04840695e-06 1.05745704e-06 1.06546355e-06
 1.07241857e-06 1.07831525e-06 1.08314775e-06 1.08691133e-06
 1.08960225e-06 1.09121787e-06 1.09175658e-06 1.09121787e-06
 1.08960225e-06 1.08691133e-06 1.08314775e-06 1.07831525e-06
 1.07241857e-06 1.06546355e-06 1.05745704e-06 1.04840695e-06
 1.03832221e-06 1.02721277e-06 1.01508960e-06 1.00196465e-06
 9.87850890e-07 9.72762237e-07 9.56713585e-07 9.39720773e-07
 9.21800570e-07 9.02970660e-07 8.83249628e-07 8.62656935e-07
 8.41212904e-07 8.18938697e-07 7.95856297e-07 7.71988482e-07
 7.47358808e-07 7.21991581e-07 6.95911836e-07 6.69145310e-07
 6.41718418e-07 6.13658227e-07 5.84992430e-07 5.55749316e-07
 5.25957744e-07 4.95647116e-07 4.64847344e-07 4.33588823e-07
 4.01902403e-07 3.69819354e-07 3.37371337e-07 3.04590376e-07
 2.71508821e-07 2.38159320e-07 2.04574783e-07 1.70788357e-07
 1.36833383e-07 1.02743370e-07 6.85519630e-08 3.42929030e-08
 0.00000000e+00]
-----------------------------------25-----------------------------------
[0.00000000e+00 1.52924142e-08 3.05697366e-08 4.58168903e-08
 6.10188283e-08 7.61605481e-08 9.12271067e-08 1.06203635e-07
 1.21075353e-07 1.35827585e-07 1.50445771e-07 1.64915485e-07
 1.79222448e-07 1.93352539e-07 2.07291815e-07 2.21026519e-07
 2.34543097e-07 2.47828209e-07 2.60868744e-07 2.73651833e-07
 2.86164861e-07 2.98395479e-07 3.10331617e-07 3.21961494e-07
 3.33273635e-07 3.44256875e-07 3.54900375e-07 3.65193630e-07
 3.75126484e-07 3.84689134e-07 3.93872141e-07 4.02666445e-07
 4.11063365e-07 4.19054615e-07 4.26632309e-07 4.33788969e-07
 4.40517531e-07 4.46811355e-07 4.52664231e-07 4.58070382e-07
 4.63024472e-07 4.67521613e-07 4.71557367e-07 4.75127751e-07
 4.78229241e-07 4.80858776e-07 4.83013762e-07 4.84692072e-07
 4.85892049e-07 4.86612509e-07 4.86852741e-07 4.86612509e-07
 4.85892049e-07 4.84692072e-07 4.83013762e-07 4.80858776e-07
 4.78229241e-07 4.75127751e-07 4.71557367e-07 4.67521613e-07
 4.63024472e-07 4.58070382e-07 4.52664231e-07 4.46811355e-07
 4.40517531e-07 4.33788969e-07 4.26632309e-07 4.19054615e-07
 4.11063365e-07 4.02666445e-07 3.93872141e-07 3.84689134e-07
 3.75126484e-07 3.65193630e-07 3.54900375e-07 3.44256875e-07
 3.33273635e-07 3.21961494e-07 3.10331617e-07 2.98395479e-07
 2.86164861e-07 2.73651833e-07 2.60868744e-07 2.47828209e-07
 2.34543097e-07 2.21026519e-07 2.07291815e-07 1.93352539e-07
 1.79222448e-07 1.64915485e-07 1.50445771e-07 1.35827585e-07
 1.21075353e-07 1.06203635e-07 9.12271067e-08 7.61605481e-08
 6.10188283e-08 4.58168903e-08 3.05697366e-08 1.52924142e-08
 0.00000000e+00]
-----------------------------------26-----------------------------------
[0.00000000e+00 6.81942649e-09 1.36321230e-08 2.04313663e-08
 2.72104463e-08 3.39626729e-08 4.06813824e-08 4.73599443e-08
 5.39917676e-08 6.05703076e-08 6.70890720e-08 7.35416276e-08
 7.99216065e-08 8.62227124e-08 9.24387269e-08 9.85635155e-08
 1.04591034e-07 1.10515334e-07 1.16330568e-07 1.22030998e-07
 1.27610998e-07 1.33065062e-07 1.38387806e-07 1.43573979e-07
 1.48618461e-07 1.53516275e-07 1.58262586e-07 1.62852712e-07
 1.67282122e-07 1.71546444e-07 1.75641471e-07 1.79563161e-07
 1.83307643e-07 1.86871224e-07 1.90250384e-07 1.93441791e-07
 1.96442294e-07 1.99248932e-07 2.01858936e-07 2.04269729e-07
 2.06478932e-07 2.08484366e-07 2.10284051e-07 2.11876211e-07
 2.13259275e-07 2.14431877e-07 2.15392861e-07 2.16141279e-07
 2.16676391e-07 2.16997669e-07 2.17104798e-07 2.16997669e-07
 2.16676391e-07 2.16141279e-07 2.15392861e-07 2.14431877e-07
 2.13259275e-07 2.11876211e-07 2.10284051e-07 2.08484366e-07
 2.06478932e-07 2.04269729e-07 2.01858936e-07 1.99248932e-07
 1.96442294e-07 1.93441791e-07 1.90250384e-07 1.86871224e-07
 1.83307643e-07 1.79563161e-07 1.75641471e-07 1.71546444e-07
 1.67282122e-07 1.62852712e-07 1.58262586e-07 1.53516275e-07
 1.48618461e-07 1.43573979e-07 1.38387806e-07 1.33065062e-07
 1.27610998e-07 1.22030998e-07 1.16330568e-07 1.10515334e-07
 1.04591034e-07 9.85635155e-08 9.24387269e-08 8.62227124e-08
 7.99216065e-08 7.35416276e-08 6.70890720e-08 6.05703076e-08
 5.39917676e-08 4.73599443e-08 4.06813824e-08 3.39626729e-08
 2.72104463e-08 2.04313663e-08 1.36321230e-08 6.81942649e-09
 0.00000000e+00]
-----------------------------------27-----------------------------------
[0.00000000e+00 3.04102264e-09 6.07904416e-09 9.11106639e-09
 1.21340971e-08 1.51451529e-08 1.81412623e-08 2.11194685e-08
 2.40768322e-08 2.70104351e-08 2.99173819e-08 3.27948039e-08
 3.56398614e-08 3.84497466e-08 4.12216865e-08 4.39529457e-08
 4.66408286e-08 4.92826826e-08 5.18759005e-08 5.44179233e-08
 5.69062420e-08 5.93384012e-08 6.17120006e-08 6.40246977e-08
 6.62742101e-08 6.84583179e-08 7.05748656e-08 7.26217644e-08
 7.45969943e-08 7.64986059e-08 7.83247227e-08 8.00735425e-08
 8.17433393e-08 8.33324653e-08 8.48393522e-08 8.62625129e-08
 8.76005430e-08 8.88521219e-08 9.00160144e-08 9.10910721e-08
 9.20762338e-08 9.29705274e-08 9.37730703e-08 9.44830706e-08
 9.50998274e-08 9.56227322e-08 9.60512689e-08 9.63850146e-08
 9.66236399e-08 9.67669094e-08 9.68146816e-08 9.67669094e-08
 9.66236399e-08 9.63850146e-08 9.60512689e-08 9.56227322e-08
 9.50998274e-08 9.44830706e-08 9.37730703e-08 9.29705274e-08
 9.20762338e-08 9.10910721e-08 9.00160144e-08 8.88521219e-08
 8.76005430e-08 8.62625129e-08 8.48393522e-08 8.33324653e-08
 8.17433393e-08 8.00735425e-08 7.83247227e-08 7.64986059e-08
 7.45969943e-08 7.26217644e-08 7.05748656e-08 6.84583179e-08
 6.62742101e-08 6.40246977e-08 6.17120006e-08 5.93384012e-08
 5.69062420e-08 5.44179233e-08 5.18759005e-08 4.92826826e-08
 4.66408286e-08 4.39529457e-08 4.12216865e-08 3.84497466e-08
 3.56398614e-08 3.27948039e-08 2.99173819e-08 2.70104351e-08
 2.40768322e-08 2.11194685e-08 1.81412623e-08 1.51451529e-08
 1.21340971e-08 9.11106639e-09 6.07904416e-09 3.04102264e-09
 0.00000000e+00]
-----------------------------------28-----------------------------------
[0.00000000e+00 1.35609918e-09 2.71086006e-09 4.06294564e-09
 5.41102159e-09 6.75375751e-09 8.08982829e-09 9.41791539e-09
 1.07367081e-08 1.20449051e-08 1.33412151e-08 1.46243590e-08
 1.58930704e-08 1.71460973e-08 1.83822030e-08 1.96001677e-08
 2.07987894e-08 2.19768852e-08 2.31332925e-08 2.42668701e-08
 2.53764991e-08 2.64610846e-08 2.75195563e-08 2.85508694e-08
 2.95540063e-08 3.05279769e-08 3.14718201e-08 3.23846045e-08
 3.32654291e-08 3.41134248e-08 3.49277546e-08 3.57076150e-08
 3.64522362e-08 3.71608835e-08 3.78328575e-08 3.84674950e-08
 3.90641698e-08 3.96222929e-08 4.01413137e-08 4.06207198e-08
 4.10600381e-08 4.14588351e-08 4.18167173e-08 4.21333314e-08
 4.24083651e-08 4.26415467e-08 4.28326464e-08 4.29814753e-08
 4.30878868e-08 4.31517757e-08 4.31730790e-08 4.31517757e-08
 4.30878868e-08 4.29814753e-08 4.28326464e-08 4.26415467e-08
 4.24083651e-08 4.21333314e-08 4.18167173e-08 4.14588351e-08
 4.10600381e-08 4.06207198e-08 4.01413137e-08 3.96222929e-08
 3.90641698e-08 3.84674950e-08 3.78328575e-08 3.71608835e-08
 3.64522362e-08 3.57076150e-08 3.49277546e-08 3.41134248e-08
 3.32654291e-08 3.23846045e-08 3.14718201e-08 3.05279769e-08
 2.95540063e-08 2.85508694e-08 2.75195563e-08 2.64610846e-08
 2.53764991e-08 2.42668701e-08 2.31332925e-08 2.19768852e-08
 2.07987894e-08 1.96001677e-08 1.83822030e-08 1.71460973e-08
 1.58930704e-08 1.46243590e-08 1.33412151e-08 1.20449051e-08
 1.07367081e-08 9.41791539e-09 8.08982829e-09 6.75375751e-09
 5.41102159e-09 4.06294564e-09 2.71086006e-09 1.35609918e-09
 0.00000000e+00]
-----------------------------------29-----------------------------------
[0.00000000e+00 6.04732424e-10 1.20886805e-09 1.81181067e-09
 2.41296525e-09 3.01173853e-09 3.60753958e-09 4.19978043e-09
 4.78787660e-09 5.37124772e-09 5.94931806e-09 6.52151714e-09
 7.08728027e-09 7.64604912e-09 8.19727223e-09 8.74040563e-09
 9.27491331e-09 9.80026776e-09 1.03159505e-08 1.08214527e-08
 1.13162754e-08 1.17999303e-08 1.22719401e-08 1.27318390e-08
 1.31791731e-08 1.36135009e-08 1.40343939e-08 1.44414366e-08
 1.48342273e-08 1.52123785e-08 1.55755169e-08 1.59232841e-08
 1.62553370e-08 1.65713478e-08 1.68710047e-08 1.71540119e-08
 1.74200902e-08 1.76689770e-08 1.79004266e-08 1.81142107e-08
 1.83101182e-08 1.84879559e-08 1.86475482e-08 1.87887376e-08
 1.89113848e-08 1.90153687e-08 1.91005867e-08 1.91669548e-08
 1.92144074e-08 1.92428978e-08 1.92523977e-08 1.92428978e-08
 1.92144074e-08 1.91669548e-08 1.91005867e-08 1.90153687e-08
 1.89113848e-08 1.87887376e-08 1.86475482e-08 1.84879559e-08
 1.83101182e-08 1.81142107e-08 1.79004266e-08 1.76689770e-08
 1.74200902e-08 1.71540119e-08 1.68710047e-08 1.65713478e-08
 1.62553370e-08 1.59232841e-08 1.55755169e-08 1.52123785e-08
 1.48342273e-08 1.44414366e-08 1.40343939e-08 1.36135009e-08
 1.31791731e-08 1.27318390e-08 1.22719401e-08 1.17999303e-08
 1.13162754e-08 1.08214527e-08 1.03159505e-08 9.80026776e-09
 9.27491331e-09 8.74040563e-09 8.19727223e-09 7.64604912e-09
 7.08728027e-09 6.52151714e-09 5.94931806e-09 5.37124772e-09
 4.78787660e-09 4.19978043e-09 3.60753958e-09 3.01173853e-09
 2.41296525e-09 1.81181067e-09 1.20886805e-09 6.04732424e-10
 0.00000000e+00]
-----------------------------------30-----------------------------------
[0.00000000e+00 2.69671503e-10 5.39076873e-10 8.07950240e-10
 1.07602626e-09 1.34304037e-09 1.60872906e-09 1.87283012e-09
 2.13508294e-09 2.39522868e-09 2.65301062e-09 2.90817436e-09
 3.16046808e-09 3.40964280e-09 3.65545262e-09 3.89765495e-09
 4.13601076e-09 4.37028483e-09 4.60024595e-09 4.82566719e-09
 5.04632607e-09 5.26200485e-09 5.47249065e-09 5.67757578e-09
 5.87705781e-09 6.07073991e-09 6.25843091e-09 6.43994560e-09
 6.61510484e-09 6.78373577e-09 6.94567197e-09 7.10075364e-09
 7.24882771e-09 7.38974807e-09 7.52337564e-09 7.64957855e-09
 7.76823224e-09 7.87921963e-09 7.98243118e-09 8.07776503e-09
 8.16512711e-09 8.24443119e-09 8.31559901e-09 8.37856034e-09
 8.43325304e-09 8.47962314e-09 8.51762488e-09 8.54722074e-09
 8.56838154e-09 8.58108637e-09 8.58532271e-09 8.58108637e-09
 8.56838154e-09 8.54722074e-09 8.51762488e-09 8.47962314e-09
 8.43325304e-09 8.37856034e-09 8.31559901e-09 8.24443119e-09
 8.16512711e-09 8.07776503e-09 7.98243118e-09 7.87921963e-09
 7.76823224e-09 7.64957855e-09 7.52337564e-09 7.38974807e-09
 7.24882771e-09 7.10075364e-09 6.94567197e-09 6.78373577e-09
 6.61510484e-09 6.43994560e-09 6.25843091e-09 6.07073991e-09
 5.87705781e-09 5.67757578e-09 5.47249065e-09 5.26200485e-09
 5.04632607e-09 4.82566719e-09 4.60024595e-09 4.37028483e-09
 4.13601076e-09 3.89765495e-09 3.65545262e-09 3.40964280e-09
 3.16046808e-09 2.90817436e-09 2.65301062e-09 2.39522868e-09
 2.13508294e-09 1.87283012e-09 1.60872906e-09 1.34304037e-09
 1.07602626e-09 8.07950240e-10 5.39076873e-10 2.69671503e-10
 0.00000000e+00]
-----------------------------------31-----------------------------------
[0.00000000e+00 1.20256028e-10 2.40393379e-10 3.60293490e-10
 4.79838035e-10 5.98909037e-10 7.17388989e-10 8.35160965e-10
 9.52108737e-10 1.06811689e-09 1.18307095e-09 1.29685745e-09
 1.40936412e-09 1.52047991e-09 1.63009517e-09 1.73810172e-09
 1.84439298e-09 1.94886405e-09 2.05141182e-09 2.15193509e-09
 2.25033467e-09 2.34651343e-09 2.44037647e-09 2.53183116e-09
 2.62078723e-09 2.70715690e-09 2.79085494e-09 2.87179873e-09
 2.94990841e-09 3.02510689e-09 3.09731995e-09 3.16647633e-09
 3.23250778e-09 3.29534913e-09 3.35493838e-09 3.41121670e-09
 3.46412857e-09 3.51362175e-09 3.55964742e-09 3.60216015e-09
 3.64111798e-09 3.67648246e-09 3.70821870e-09 3.73629538e-09
 3.76068478e-09 3.78136284e-09 3.79830916e-09 3.81150700e-09
 3.82094334e-09 3.82660887e-09 3.82849801e-09 3.82660887e-09
 3.82094334e-09 3.81150700e-09 3.79830916e-09 3.78136284e-09
 3.76068478e-09 3.73629538e-09 3.70821870e-09 3.67648246e-09
 3.64111798e-09 3.60216015e-09 3.55964742e-09 3.51362175e-09
 3.46412857e-09 3.41121670e-09 3.35493838e-09 3.29534913e-09
 3.23250778e-09 3.16647633e-09 3.09731995e-09 3.02510689e-09
 2.94990841e-09 2.87179873e-09 2.79085494e-09 2.70715690e-09
 2.62078723e-09 2.53183116e-09 2.44037647e-09 2.34651343e-09
 2.25033467e-09 2.15193509e-09 2.05141182e-09 1.94886405e-09
 1.84439298e-09 1.73810172e-09 1.63009517e-09 1.52047991e-09
 1.40936412e-09 1.29685745e-09 1.18307095e-09 1.06811689e-09
 9.52108737e-10 8.35160965e-10 7.17388989e-10 5.98909037e-10
 4.79838035e-10 3.60293490e-10 2.40393379e-10 1.20256028e-10
 0.00000000e+00]
-----------------------------------32-----------------------------------
[0.00000000e+00 5.36264018e-11 1.07199881e-10 1.60667567e-10
 2.13976693e-10 2.67074650e-10 3.19909036e-10 3.72427711e-10
 4.24578845e-10 4.76310971e-10 5.27573035e-10 5.78314449e-10
 6.28485136e-10 6.78035584e-10 7.26916892e-10 7.75080822e-10
 8.22479840e-10 8.69067170e-10 9.14796836e-10 9.59623707e-10
 1.00350355e-09 1.04639305e-09 1.08824989e-09 1.12903275e-09
 1.16870140e-09 1.20721668e-09 1.24454059e-09 1.28063628e-09
 1.31546814e-09 1.34900179e-09 1.38120414e-09 1.41204341e-09
 1.44148916e-09 1.46951233e-09 1.49608527e-09 1.52118176e-09
 1.54477703e-09 1.56684779e-09 1.58737225e-09 1.60633018e-09
 1.62370285e-09 1.63947312e-09 1.65362542e-09 1.66614580e-09
 1.67702190e-09 1.68624297e-09 1.69379993e-09 1.69968532e-09
 1.70389331e-09 1.70641977e-09 1.70726221e-09 1.70641977e-09
 1.70389331e-09 1.69968532e-09 1.69379993e-09 1.68624297e-09
 1.67702190e-09 1.66614580e-09 1.65362542e-09 1.63947312e-09
 1.62370285e-09 1.60633018e-09 1.58737225e-09 1.56684779e-09
 1.54477703e-09 1.52118176e-09 1.49608527e-09 1.46951233e-09
 1.44148916e-09 1.41204341e-09 1.38120414e-09 1.34900179e-09
 1.31546814e-09 1.28063628e-09 1.24454059e-09 1.20721668e-09
 1.16870140e-09 1.12903275e-09 1.08824989e-09 1.04639305e-09
 1.00350355e-09 9.59623707e-10 9.14796836e-10 8.69067170e-10
 8.22479840e-10 7.75080822e-10 7.26916892e-10 6.78035584e-10
 6.28485136e-10 5.78314449e-10 5.27573035e-10 4.76310971e-10
 4.24578845e-10 3.72427711e-10 3.19909036e-10 2.67074650e-10
 2.13976693e-10 1.60667567e-10 1.07199881e-10 5.36264018e-11
 0.00000000e+00]
-----------------------------------33-----------------------------------
[0.00000000e+00 2.39139028e-11 4.78042054e-11 7.16473310e-11
 9.54197494e-11 1.19098000e-10 1.42658715e-10 1.66078644e-10
 1.89334672e-10 2.12403851e-10 2.35263412e-10 2.57890797e-10
 2.80263674e-10 3.02359966e-10 3.24157864e-10 3.45635858e-10
 3.66772751e-10 3.87547683e-10 4.07940153e-10 4.27930035e-10
 4.47497602e-10 4.66623543e-10 4.85288982e-10 5.03475500e-10
 5.21165149e-10 5.38340470e-10 5.54984514e-10 5.71080856e-10
 5.86613609e-10 6.01567446e-10 6.15927609e-10 6.29679925e-10
 6.42810823e-10 6.55307345e-10 6.67157157e-10 6.78348566e-10
 6.88870526e-10 6.98712655e-10 7.07865239e-10 7.16319244e-10
 7.24066330e-10 7.31098849e-10 7.37409862e-10 7.42993141e-10
 7.47843175e-10 7.51955178e-10 7.55325092e-10 7.57949591e-10
 7.59826086e-10 7.60952724e-10 7.61328394e-10 7.60952724e-10
 7.59826086e-10 7.57949591e-10 7.55325092e-10 7.51955178e-10
 7.47843175e-10 7.42993141e-10 7.37409862e-10 7.31098849e-10
 7.24066330e-10 7.16319244e-10 7.07865239e-10 6.98712655e-10
 6.88870526e-10 6.78348566e-10 6.67157157e-10 6.55307345e-10
 6.42810823e-10 6.29679925e-10 6.15927609e-10 6.01567446e-10
 5.86613609e-10 5.71080856e-10 5.54984514e-10 5.38340470e-10
 5.21165149e-10 5.03475500e-10 4.85288982e-10 4.66623543e-10
 4.47497602e-10 4.27930035e-10 4.07940153e-10 3.87547683e-10
 3.66772751e-10 3.45635858e-10 3.24157864e-10 3.02359966e-10
 2.80263674e-10 2.57890797e-10 2.35263412e-10 2.12403851e-10
 1.89334672e-10 1.66078644e-10 1.42658715e-10 1.19098000e-10
 9.54197494e-11 7.16473310e-11 4.78042054e-11 2.39139028e-11
 0.00000000e+00]
-----------------------------------34-----------------------------------
[0.00000000e+00 1.06640521e-11 2.13175801e-11 3.19500703e-11
 4.25510295e-11 5.31099961e-11 6.36165495e-11 7.40603210e-11
 8.44310039e-11 9.47183637e-11 1.04912248e-10 1.15002596e-10
 1.24979451e-10 1.34832966e-10 1.44553417e-10 1.54131212e-10
 1.63556897e-10 1.72821172e-10 1.81914893e-10 1.90829086e-10
 1.99554954e-10 2.08083885e-10 2.16407462e-10 2.24517472e-10
 2.32405909e-10 2.40064991e-10 2.47487157e-10 2.54665083e-10
 2.61591685e-10 2.68260128e-10 2.74663831e-10 2.80796473e-10
 2.86652003e-10 2.92224643e-10 2.97508892e-10 3.02499535e-10
 3.07191649e-10 3.11580601e-10 3.15662060e-10 3.19431999e-10
 3.22886698e-10 3.26022746e-10 3.28837049e-10 3.31326830e-10
 3.33489631e-10 3.35323318e-10 3.36826082e-10 3.37996438e-10
 3.38833234e-10 3.39335641e-10 3.39503166e-10 3.39335641e-10
 3.38833234e-10 3.37996438e-10 3.36826082e-10 3.35323318e-10
 3.33489631e-10 3.31326830e-10 3.28837049e-10 3.26022746e-10
 3.22886698e-10 3.19431999e-10 3.15662060e-10 3.11580601e-10
 3.07191649e-10 3.02499535e-10 2.97508892e-10 2.92224643e-10
 2.86652003e-10 2.80796473e-10 2.74663831e-10 2.68260128e-10
 2.61591685e-10 2.54665083e-10 2.47487157e-10 2.40064991e-10
 2.32405909e-10 2.24517472e-10 2.16407462e-10 2.08083885e-10
 1.99554954e-10 1.90829086e-10 1.81914893e-10 1.72821172e-10
 1.63556897e-10 1.54131212e-10 1.44553417e-10 1.34832966e-10
 1.24979451e-10 1.15002596e-10 1.04912248e-10 9.47183637e-11
 8.44310039e-11 7.40603210e-11 6.36165495e-11 5.31099961e-11
 4.25510295e-11 3.19500703e-11 2.13175801e-11 1.06640521e-11
 0.00000000e+00]
-----------------------------------35-----------------------------------
[0.00000000e+00 4.75547673e-12 9.50626038e-12 1.42476625e-11
 1.89750039e-11 2.36836192e-11 2.83688617e-11 3.30261076e-11
 3.76507606e-11 4.22382569e-11 4.67840692e-11 5.12837112e-11
 5.57327424e-11 6.01267721e-11 6.44614639e-11 6.87325401e-11
 7.29357855e-11 7.70670521e-11 8.11222628e-11 8.50974157e-11
 8.89885877e-11 9.27919387e-11 9.65037152e-11 1.00120254e-10
 1.03637987e-10 1.07053441e-10 1.10363246e-10 1.13564137e-10
 1.16652953e-10 1.19626647e-10 1.22482283e-10 1.25217045e-10
 1.27828232e-10 1.30313268e-10 1.32669701e-10 1.34895205e-10
 1.36987584e-10 1.38944772e-10 1.40764839e-10 1.42445988e-10
 1.43986559e-10 1.45385034e-10 1.46640031e-10 1.47750312e-10
 1.48714781e-10 1.49532487e-10 1.50202622e-10 1.50724525e-10
 1.51097682e-10 1.51321723e-10 1.51396428e-10 1.51321723e-10
 1.51097682e-10 1.50724525e-10 1.50202622e-10 1.49532487e-10
 1.48714781e-10 1.47750312e-10 1.46640031e-10 1.45385034e-10
 1.43986559e-10 1.42445988e-10 1.40764839e-10 1.38944772e-10
 1.36987584e-10 1.34895205e-10 1.32669701e-10 1.30313268e-10
 1.27828232e-10 1.25217045e-10 1.22482283e-10 1.19626647e-10
 1.16652953e-10 1.13564137e-10 1.10363246e-10 1.07053441e-10
 1.03637987e-10 1.00120254e-10 9.65037152e-11 9.27919387e-11
 8.89885877e-11 8.50974157e-11 8.11222628e-11 7.70670521e-11
 7.29357855e-11 6.87325401e-11 6.44614639e-11 6.01267721e-11
 5.57327424e-11 5.12837112e-11 4.67840692e-11 4.22382569e-11
 3.76507606e-11 3.30261076e-11 2.83688617e-11 2.36836192e-11
 1.89750039e-11 1.42476625e-11 9.50626038e-12 4.75547673e-12
 0.00000000e+00]
-----------------------------------36-----------------------------------
[0.00000000e+00 2.12063469e-12 4.23917657e-12 6.35353490e-12
 8.46162305e-12 1.05613606e-11 1.26506754e-11 1.47275054e-11
 1.67898012e-11 1.88355275e-11 2.08626655e-11 2.28692144e-11
 2.48531943e-11 2.68126470e-11 2.87456388e-11 3.06502622e-11
 3.25246375e-11 3.43669149e-11 3.61752763e-11 3.79479371e-11
 3.96831479e-11 4.13791961e-11 4.30344081e-11 4.46471503e-11
 4.62158312e-11 4.77389027e-11 4.92148616e-11 5.06422513e-11
 5.20196633e-11 5.33457382e-11 5.46191673e-11 5.58386938e-11
 5.70031143e-11 5.81112796e-11 5.91620961e-11 6.01545267e-11
 6.10875921e-11 6.19603714e-11 6.27720032e-11 6.35216867e-11
 6.42086820e-11 6.48323111e-11 6.53919585e-11 6.58870719e-11
 6.63171627e-11 6.66818065e-11 6.69806434e-11 6.72133785e-11
 6.73797821e-11 6.74796900e-11 6.75130036e-11 6.74796900e-11
 6.73797821e-11 6.72133785e-11 6.69806434e-11 6.66818065e-11
 6.63171627e-11 6.58870719e-11 6.53919585e-11 6.48323111e-11
 6.42086820e-11 6.35216867e-11 6.27720032e-11 6.19603714e-11
 6.10875921e-11 6.01545267e-11 5.91620961e-11 5.81112796e-11
 5.70031143e-11 5.58386938e-11 5.46191673e-11 5.33457382e-11
 5.20196633e-11 5.06422513e-11 4.92148616e-11 4.77389027e-11
 4.62158312e-11 4.46471503e-11 4.30344081e-11 4.13791961e-11
 3.96831479e-11 3.79479371e-11 3.61752763e-11 3.43669149e-11
 3.25246375e-11 3.06502622e-11 2.87456388e-11 2.68126470e-11
 2.48531943e-11 2.28692144e-11 2.08626655e-11 1.88355275e-11
 1.67898012e-11 1.47275054e-11 1.26506754e-11 1.05613606e-11
 8.46162305e-12 6.35353490e-12 4.23917657e-12 2.12063469e-12
 0.00000000e+00]
-----------------------------------37-----------------------------------
[0.00000000e+00 9.45665755e-13 1.89039825e-12 2.83326516e-12
 3.77333597e-12 4.70968295e-12 5.64138205e-12 6.56751378e-12
 7.48716417e-12 8.39942564e-12 9.30339788e-12 1.01981888e-11
 1.10829153e-11 1.19567044e-11 1.28186936e-11 1.36680323e-11
 1.45038823e-11 1.53254187e-11 1.61318308e-11 1.69223227e-11
 1.76961144e-11 1.84524421e-11 1.91905594e-11 1.99097380e-11
 2.06092681e-11 2.12884594e-11 2.19466415e-11 2.25831649e-11
 2.31974014e-11 2.37887450e-11 2.43566119e-11 2.49004417e-11
 2.54196979e-11 2.59138678e-11 2.63824639e-11 2.68250237e-11
 2.72411105e-11 2.76303135e-11 2.79922488e-11 2.83265591e-11
 2.86329145e-11 2.89110127e-11 2.91605792e-11 2.93813677e-11
 2.95731604e-11 2.97357679e-11 2.98690298e-11 2.99728146e-11
 3.00470198e-11 3.00915723e-11 3.01064280e-11 3.00915723e-11
 3.00470198e-11 2.99728146e-11 2.98690298e-11 2.97357679e-11
 2.95731604e-11 2.93813677e-11 2.91605792e-11 2.89110127e-11
 2.86329145e-11 2.83265591e-11 2.79922488e-11 2.76303135e-11
 2.72411105e-11 2.68250237e-11 2.63824639e-11 2.59138678e-11
 2.54196979e-11 2.49004417e-11 2.43566119e-11 2.37887450e-11
 2.31974014e-11 2.25831649e-11 2.19466415e-11 2.12884594e-11
 2.06092681e-11 1.99097380e-11 1.91905594e-11 1.84524421e-11
 1.76961144e-11 1.69223227e-11 1.61318308e-11 1.53254187e-11
 1.45038823e-11 1.36680323e-11 1.28186936e-11 1.19567044e-11
 1.10829153e-11 1.01981888e-11 9.30339788e-12 8.39942564e-12
 7.48716417e-12 6.56751378e-12 5.64138205e-12 4.70968295e-12
 3.77333597e-12 2.83326516e-12 1.89039825e-12 9.45665755e-13
 0.00000000e+00]
-----------------------------------38-----------------------------------
[0.00000000e+00 4.21705693e-13 8.42995212e-13 1.26345280e-12
 1.68266351e-12 2.10021363e-12 2.51569110e-12 2.92868588e-12
 3.33879041e-12 3.74559995e-12 4.14871303e-12 4.54773184e-12
 4.94226259e-12 5.33191592e-12 5.71630729e-12 6.09505735e-12
 6.46779233e-12 6.83414438e-12 7.19375196e-12 7.54626017e-12
 7.89132113e-12 8.22859431e-12 8.55774686e-12 8.87845395e-12
 9.19039908e-12 9.49327439e-12 9.78678099e-12 1.00706292e-11
 1.03445389e-11 1.06082399e-11 1.08614717e-11 1.11039846e-11
 1.13355393e-11 1.15559071e-11 1.17648706e-11 1.19622236e-11
 1.21477713e-11 1.23213307e-11 1.24827304e-11 1.26318111e-11
 1.27684258e-11 1.28924396e-11 1.30037301e-11 1.31021875e-11
 1.31877146e-11 1.32602270e-11 1.33196532e-11 1.33659345e-11
 1.33990252e-11 1.34188927e-11 1.34255174e-11 1.34188927e-11
 1.33990252e-11 1.33659345e-11 1.33196532e-11 1.32602270e-11
 1.31877146e-11 1.31021875e-11 1.30037301e-11 1.28924396e-11
 1.27684258e-11 1.26318111e-11 1.24827304e-11 1.23213307e-11
 1.21477713e-11 1.19622236e-11 1.17648706e-11 1.15559071e-11
 1.13355393e-11 1.11039846e-11 1.08614717e-11 1.06082399e-11
 1.03445389e-11 1.00706292e-11 9.78678099e-12 9.49327439e-12
 9.19039908e-12 8.87845395e-12 8.55774686e-12 8.22859431e-12
 7.89132113e-12 7.54626017e-12 7.19375196e-12 6.83414438e-12
 6.46779233e-12 6.09505735e-12 5.71630729e-12 5.33191592e-12
 4.94226259e-12 4.54773184e-12 4.14871303e-12 3.74559995e-12
 3.33879041e-12 2.92868588e-12 2.51569110e-12 2.10021363e-12
 1.68266351e-12 1.26345280e-12 8.42995212e-13 4.21705693e-13
 0.00000000e+00]
-----------------------------------39-----------------------------------
[0.00000000e+00 1.88053432e-13 3.75921279e-13 5.63418136e-13
 7.50358968e-13 9.36559286e-13 1.12183533e-12 1.30600426e-12
 1.48888433e-12 1.67029504e-12 1.85005737e-12 2.02799392e-12
 2.20392909e-12 2.37768924e-12 2.54910290e-12 2.71800091e-12
 2.88421657e-12 3.04758587e-12 3.20794756e-12 3.36514339e-12
 3.51901824e-12 3.66942024e-12 3.81620096e-12 3.95921556e-12
 4.09832289e-12 4.23338566e-12 4.36427060e-12 4.49084853e-12
 4.61299453e-12 4.73058807e-12 4.84351308e-12 4.95165814e-12
 5.05491650e-12 5.15318627e-12 5.24637047e-12 5.33437714e-12
 5.41711942e-12 5.49451565e-12 5.56648946e-12 5.63296982e-12
 5.69389112e-12 5.74919324e-12 5.79882159e-12 5.84272721e-12
 5.88086676e-12 5.91320261e-12 5.93970284e-12 5.96034130e-12
 5.97509762e-12 5.98395724e-12 5.98691142e-12 5.98395724e-12
 5.97509762e-12 5.96034130e-12 5.93970284e-12 5.91320261e-12
 5.88086676e-12 5.84272721e-12 5.79882159e-12 5.74919324e-12
 5.69389112e-12 5.63296982e-12 5.56648946e-12 5.49451565e-12
 5.41711942e-12 5.33437714e-12 5.24637047e-12 5.15318627e-12
 5.05491650e-12 4.95165814e-12 4.84351308e-12 4.73058807e-12
 4.61299453e-12 4.49084853e-12 4.36427060e-12 4.23338566e-12
 4.09832289e-12 3.95921556e-12 3.81620096e-12 3.66942024e-12
 3.51901824e-12 3.36514339e-12 3.20794756e-12 3.04758587e-12
 2.88421657e-12 2.71800091e-12 2.54910290e-12 2.37768924e-12
 2.20392909e-12 2.02799392e-12 1.85005737e-12 1.67029504e-12
 1.48888433e-12 1.30600426e-12 1.12183533e-12 9.36559286e-13
 7.50358968e-13 5.63418136e-13 3.75921279e-13 1.88053432e-13
 0.00000000e+00]
-----------------------------------40-----------------------------------
[0.00000000e+00 8.38596538e-14 1.67636548e-13 2.51248006e-13
 3.34611512e-13 4.17644797e-13 5.00265916e-13 5.82393334e-13
 6.63946000e-13 7.44843431e-13 8.25005792e-13 9.04353972e-13
 9.82809663e-13 1.06029544e-12 1.13673483e-12 1.21205241e-12
 1.28617383e-12 1.35902596e-12 1.43053689e-12 1.50063605e-12
 1.56925427e-12 1.63632382e-12 1.70177852e-12 1.76555377e-12
 1.82758663e-12 1.88781588e-12 1.94618209e-12 2.00262765e-12
 2.05709686e-12 2.10953596e-12 2.15989321e-12 2.20811890e-12
 2.25416544e-12 2.29798740e-12 2.33954151e-12 2.37878679e-12
 2.41568449e-12 2.45019820e-12 2.48229386e-12 2.51193979e-12
 2.53910674e-12 2.56376791e-12 2.58589894e-12 2.60547800e-12
 2.62248577e-12 2.63690547e-12 2.64872285e-12 2.65792627e-12
 2.66450663e-12 2.66845745e-12 2.66977483e-12 2.66845745e-12
 2.66450663e-12 2.65792627e-12 2.64872285e-12 2.63690547e-12
 2.62248577e-12 2.60547800e-12 2.58589894e-12 2.56376791e-12
 2.53910674e-12 2.51193979e-12 2.48229386e-12 2.45019820e-12
 2.41568449e-12 2.37878679e-12 2.33954151e-12 2.29798740e-12
 2.25416544e-12 2.20811890e-12 2.15989321e-12 2.10953596e-12
 2.05709686e-12 2.00262765e-12 1.94618209e-12 1.88781588e-12
 1.82758663e-12 1.76555377e-12 1.70177852e-12 1.63632382e-12
 1.56925427e-12 1.50063605e-12 1.43053689e-12 1.35902596e-12
 1.28617383e-12 1.21205241e-12 1.13673483e-12 1.06029544e-12
 9.82809663e-13 9.04353972e-13 8.25005792e-13 7.44843431e-13
 6.63946000e-13 5.82393334e-13 5.00265916e-13 4.17644797e-13
 3.34611512e-13 2.51248006e-13 1.67636548e-13 8.38596538e-14
 0.00000000e+00]
-----------------------------------41-----------------------------------
[0.00000000e+00 3.73959755e-14 7.47550456e-14 1.12040342e-13
 1.49215067e-13 1.86242536e-13 2.23086205e-13 2.59709716e-13
 2.96076924e-13 3.32151940e-13 3.67899162e-13 4.03283312e-13
 4.38269470e-13 4.72823109e-13 5.06910129e-13 5.40496890e-13
 5.73550246e-13 6.06037576e-13 6.37926821e-13 6.69186509e-13
 6.99785791e-13 7.29694468e-13 7.58883026e-13 7.87322657e-13
 8.14985296e-13 8.41843643e-13 8.67871192e-13 8.93042256e-13
 9.17331996e-13 9.40716440e-13 9.63172511e-13 9.84678046e-13
 1.00521182e-12 1.02475358e-12 1.04328402e-12 1.06078487e-12
 1.07723886e-12 1.09262974e-12 1.10694232e-12 1.12016249e-12
 1.13227719e-12 1.14327448e-12 1.15314348e-12 1.16187448e-12
 1.16945884e-12 1.17588909e-12 1.18115888e-12 1.18526301e-12
 1.18819743e-12 1.18995923e-12 1.19054670e-12 1.18995923e-12
 1.18819743e-12 1.18526301e-12 1.18115888e-12 1.17588909e-12
 1.16945884e-12 1.16187448e-12 1.15314348e-12 1.14327448e-12
 1.13227719e-12 1.12016249e-12 1.10694232e-12 1.09262974e-12
 1.07723886e-12 1.06078487e-12 1.04328402e-12 1.02475358e-12
 1.00521182e-12 9.84678046e-13 9.63172511e-13 9.40716440e-13
 9.17331996e-13 8.93042256e-13 8.67871192e-13 8.41843643e-13
 8.14985296e-13 7.87322657e-13 7.58883026e-13 7.29694468e-13
 6.99785791e-13 6.69186509e-13 6.37926821e-13 6.06037576e-13
 5.73550246e-13 5.40496890e-13 5.06910129e-13 4.72823109e-13
 4.38269470e-13 4.03283312e-13 3.67899162e-13 3.32151940e-13
 2.96076924e-13 2.59709716e-13 2.23086205e-13 1.86242536e-13
 1.49215067e-13 1.12040342e-13 7.47550456e-14 3.73959755e-14
 0.00000000e+00]
-----------------------------------42-----------------------------------
[0.00000000e+00 1.66761836e-14 3.33359098e-14 4.99627374e-14
 6.65402579e-14 8.30521112e-14 9.94820021e-14 1.15813716e-13
 1.32031136e-13 1.48118257e-13 1.64059204e-13 1.79838244e-13
 1.95439805e-13 2.10848490e-13 2.26049094e-13 2.41026614e-13
 2.55766271e-13 2.70253516e-13 2.84474055e-13 2.98413851e-13
 3.12059150e-13 3.25396483e-13 3.38412690e-13 3.51094924e-13
 3.63430670e-13 3.75407753e-13 3.87014355e-13 3.98239020e-13
 4.09070671e-13 4.19498618e-13 4.29512572e-13 4.39102648e-13
 4.48259383e-13 4.56973740e-13 4.65237119e-13 4.73041365e-13
 4.80378777e-13 4.87242113e-13 4.93624599e-13 4.99519938e-13
 5.04922311e-13 5.09826386e-13 5.14227324e-13 5.18120783e-13
 5.21502918e-13 5.24370393e-13 5.26720378e-13 5.28550553e-13
 5.29859113e-13 5.30644765e-13 5.30906736e-13 5.30644765e-13
 5.29859113e-13 5.28550553e-13 5.26720378e-13 5.24370393e-13
 5.21502918e-13 5.18120783e-13 5.14227324e-13 5.09826386e-13
 5.04922311e-13 4.99519938e-13 4.93624599e-13 4.87242113e-13
 4.80378777e-13 4.73041365e-13 4.65237119e-13 4.56973740e-13
 4.48259383e-13 4.39102648e-13 4.29512572e-13 4.19498618e-13
 4.09070671e-13 3.98239020e-13 3.87014355e-13 3.75407753e-13
 3.63430670e-13 3.51094924e-13 3.38412690e-13 3.25396483e-13
 3.12059150e-13 2.98413851e-13 2.84474055e-13 2.70253516e-13
 2.55766271e-13 2.41026614e-13 2.26049094e-13 2.10848490e-13
 1.95439805e-13 1.79838244e-13 1.64059204e-13 1.48118257e-13
 1.32031136e-13 1.15813716e-13 9.94820021e-14 8.30521112e-14
 6.65402579e-14 4.99627374e-14 3.33359098e-14 1.66761836e-14
 0.00000000e+00]
-----------------------------------43-----------------------------------
[0.00000000e+00 7.43649805e-15 1.48656572e-14 2.22801457e-14
 2.96726464e-14 3.70358638e-14 4.43625312e-14 5.16454182e-14
 5.88773374e-14 6.60511518e-14 7.31597816e-14 8.01962116e-14
 8.71534976e-14 9.40247737e-14 1.00803259e-13 1.07482263e-13
 1.14055195e-13 1.20515569e-13 1.26857008e-13 1.33073255e-13
 1.39158174e-13 1.45105761e-13 1.50910147e-13 1.56565602e-13
 1.62066546e-13 1.67407549e-13 1.72583342e-13 1.77588816e-13
 1.82419031e-13 1.87069220e-13 1.91534795e-13 1.95811348e-13
 1.99894659e-13 2.03780698e-13 2.07465630e-13 2.10945818e-13
 2.14217829e-13 2.17278432e-13 2.20124608e-13 2.22753547e-13
 2.25162655e-13 2.27349556e-13 2.29312089e-13 2.31048319e-13
 2.32556533e-13 2.33835241e-13 2.34883182e-13 2.35699322e-13
 2.36282854e-13 2.36633205e-13 2.36750027e-13 2.36633205e-13
 2.36282854e-13 2.35699322e-13 2.34883182e-13 2.33835241e-13
 2.32556533e-13 2.31048319e-13 2.29312089e-13 2.27349556e-13
 2.25162655e-13 2.22753547e-13 2.20124608e-13 2.17278432e-13
 2.14217829e-13 2.10945818e-13 2.07465630e-13 2.03780698e-13
 1.99894659e-13 1.95811348e-13 1.91534795e-13 1.87069220e-13
 1.82419031e-13 1.77588816e-13 1.72583342e-13 1.67407549e-13
 1.62066546e-13 1.56565602e-13 1.50910147e-13 1.45105761e-13
 1.39158174e-13 1.33073255e-13 1.26857008e-13 1.20515569e-13
 1.14055195e-13 1.07482263e-13 1.00803259e-13 9.40247737e-14
 8.71534976e-14 8.01962116e-14 7.31597816e-14 6.60511518e-14
 5.88773374e-14 5.16454182e-14 4.43625312e-14 3.70358638e-14
 2.96726464e-14 2.22801457e-14 1.48656572e-14 7.43649805e-15
 0.00000000e+00]
-----------------------------------44-----------------------------------
[0.00000000e+00 3.31619660e-15 6.62912051e-15 9.93550227e-15
 1.32320789e-14 1.65155971e-14 1.97828163e-14 2.30305123e-14
 2.62554800e-14 2.94545367e-14 3.26245253e-14 3.57623175e-14
 3.88648165e-14 4.19289607e-14 4.49517260e-14 4.79301295e-14
 5.08612317e-14 5.37421399e-14 5.65700112e-14 5.93420547e-14
 6.20555348e-14 6.47077735e-14 6.72961535e-14 6.98181203e-14
 7.22711851e-14 7.46529269e-14 7.69609953e-14 7.91931124e-14
 8.13470756e-14 8.34207590e-14 8.54121161e-14 8.73191819e-14
 8.91400741e-14 9.08729959e-14 9.25162369e-14 9.40681756e-14
 9.55272804e-14 9.68921113e-14 9.81613214e-14 9.93336581e-14
 1.00407964e-13 1.01383180e-13 1.02258343e-13 1.03032589e-13
 1.03705155e-13 1.04275376e-13 1.04742690e-13 1.05106635e-13
 1.05366853e-13 1.05523087e-13 1.05575182e-13 1.05523087e-13
 1.05366853e-13 1.05106635e-13 1.04742690e-13 1.04275376e-13
 1.03705155e-13 1.03032589e-13 1.02258343e-13 1.01383180e-13
 1.00407964e-13 9.93336581e-14 9.81613214e-14 9.68921113e-14
 9.55272804e-14 9.40681756e-14 9.25162369e-14 9.08729959e-14
 8.91400741e-14 8.73191819e-14 8.54121161e-14 8.34207590e-14
 8.13470756e-14 7.91931124e-14 7.69609953e-14 7.46529269e-14
 7.22711851e-14 6.98181203e-14 6.72961535e-14 6.47077735e-14
 6.20555348e-14 5.93420547e-14 5.65700112e-14 5.37421399e-14
 5.08612317e-14 4.79301295e-14 4.49517260e-14 4.19289607e-14
 3.88648165e-14 3.57623175e-14 3.26245253e-14 2.94545367e-14
 2.62554800e-14 2.30305123e-14 1.97828163e-14 1.65155971e-14
 1.32320789e-14 9.93550227e-15 6.62912051e-15 3.31619660e-15
 0.00000000e+00]
-----------------------------------45-----------------------------------
[0.00000000e+00 1.47880895e-15 2.95615849e-15 4.43059066e-15
 5.90065038e-15 7.36488686e-15 8.82185509e-15 1.02701172e-14
 1.17082440e-14 1.31348161e-14 1.45484258e-14 1.59476779e-14
 1.73311916e-14 1.86976015e-14 2.00455591e-14 2.13737341e-14
 2.26808159e-14 2.39655145e-14 2.52265619e-14 2.64627138e-14
 2.76727503e-14 2.88554770e-14 3.00097269e-14 3.11343607e-14
 3.22282688e-14 3.32903714e-14 3.43196205e-14 3.53150002e-14
 3.62755283e-14 3.72002568e-14 3.80882731e-14 3.89387010e-14
 3.97507010e-14 4.05234719e-14 4.12562510e-14 4.19483152e-14
 4.25989814e-14 4.32076076e-14 4.37735931e-14 4.42963794e-14
 4.47754505e-14 4.52103336e-14 4.56005996e-14 4.59458632e-14
 4.62457839e-14 4.65000656e-14 4.67084573e-14 4.68707534e-14
 4.69867937e-14 4.70564638e-14 4.70796947e-14 4.70564638e-14
 4.69867937e-14 4.68707534e-14 4.67084573e-14 4.65000656e-14
 4.62457839e-14 4.59458632e-14 4.56005996e-14 4.52103336e-14
 4.47754505e-14 4.42963794e-14 4.37735931e-14 4.32076076e-14
 4.25989814e-14 4.19483152e-14 4.12562510e-14 4.05234719e-14
 3.97507010e-14 3.89387010e-14 3.80882731e-14 3.72002568e-14
 3.62755283e-14 3.53150002e-14 3.43196205e-14 3.32903714e-14
 3.22282688e-14 3.11343607e-14 3.00097269e-14 2.88554770e-14
 2.76727503e-14 2.64627138e-14 2.52265619e-14 2.39655145e-14
 2.26808159e-14 2.13737341e-14 2.00455591e-14 1.86976015e-14
 1.73311916e-14 1.59476779e-14 1.45484258e-14 1.31348161e-14
 1.17082440e-14 1.02701172e-14 8.82185509e-15 7.36488686e-15
 5.90065038e-15 4.43059066e-15 2.95615849e-15 1.47880895e-15
 0.00000000e+00]
-----------------------------------46-----------------------------------
[0.00000000e+00 6.59453034e-16 1.31825527e-15 1.97575654e-15
 2.63130799e-15 3.28426264e-15 3.93397613e-15 4.57980726e-15
 5.22111867e-15 5.85727747e-15 6.48765584e-15 7.11163168e-15
 7.72858920e-15 8.33791953e-15 8.93902134e-15 9.53130142e-15
 1.01141753e-14 1.06870676e-14 1.12494131e-14 1.18006568e-14
 1.23402547e-14 1.28676743e-14 1.33823950e-14 1.38839089e-14
 1.43717210e-14 1.48453500e-14 1.53043284e-14 1.57482033e-14
 1.61765367e-14 1.65889057e-14 1.69849035e-14 1.73641392e-14
 1.77262387e-14 1.80708445e-14 1.83976165e-14 1.87062323e-14
 1.89963873e-14 1.92677952e-14 1.95201881e-14 1.97533169e-14
 1.99669516e-14 2.01608813e-14 2.03349146e-14 2.04888799e-14
 2.06226251e-14 2.07360182e-14 2.08289475e-14 2.09013210e-14
 2.09530675e-14 2.09841358e-14 2.09944953e-14 2.09841358e-14
 2.09530675e-14 2.09013210e-14 2.08289475e-14 2.07360182e-14
 2.06226251e-14 2.04888799e-14 2.03349146e-14 2.01608813e-14
 1.99669516e-14 1.97533169e-14 1.95201881e-14 1.92677952e-14
 1.89963873e-14 1.87062323e-14 1.83976165e-14 1.80708445e-14
 1.77262387e-14 1.73641392e-14 1.69849035e-14 1.65889057e-14
 1.61765367e-14 1.57482033e-14 1.53043284e-14 1.48453500e-14
 1.43717210e-14 1.38839089e-14 1.33823950e-14 1.28676743e-14
 1.23402547e-14 1.18006568e-14 1.12494131e-14 1.06870676e-14
 1.01141753e-14 9.53130142e-15 8.93902134e-15 8.33791953e-15
 7.72858920e-15 7.11163168e-15 6.48765584e-15 5.85727747e-15
 5.22111867e-15 4.57980726e-15 3.93397613e-15 3.28426264e-15
 2.63130799e-15 1.97575654e-15 1.31825527e-15 6.59453034e-16
 0.00000000e+00]
-----------------------------------47-----------------------------------
[0.00000000e+00 2.94073352e-16 5.87856489e-16 8.81059483e-16
 1.17339298e-15 1.46456847e-15 1.75429862e-15 2.04229748e-15
 2.32828085e-15 2.61196648e-15 2.89307441e-15 3.17132723e-15
 3.44645034e-15 3.71817221e-15 3.98622469e-15 4.25034326e-15
 4.51026724e-15 4.76574014e-15 5.01650983e-15 5.26232883e-15
 5.50295454e-15 5.73814951e-15 5.96768161e-15 6.19132433e-15
 6.40885696e-15 6.62006483e-15 6.82473949e-15 7.02267895e-15
 7.21368788e-15 7.39757777e-15 7.57416714e-15 7.74328173e-15
 7.90475463e-15 8.05842649e-15 8.20414566e-15 8.34176833e-15
 8.47115868e-15 8.59218901e-15 8.70473990e-15 8.80870026e-15
 8.90396749e-15 8.99044758e-15 9.06805519e-15 9.13671372e-15
 9.19635542e-15 9.24692142e-15 9.28836183e-15 9.32063575e-15
 9.34371133e-15 9.35756579e-15 9.36218546e-15 9.35756579e-15
 9.34371133e-15 9.32063575e-15 9.28836183e-15 9.24692142e-15
 9.19635542e-15 9.13671372e-15 9.06805519e-15 8.99044758e-15
 8.90396749e-15 8.80870026e-15 8.70473990e-15 8.59218901e-15
 8.47115868e-15 8.34176833e-15 8.20414566e-15 8.05842649e-15
 7.90475463e-15 7.74328173e-15 7.57416714e-15 7.39757777e-15
 7.21368788e-15 7.02267895e-15 6.82473949e-15 6.62006483e-15
 6.40885696e-15 6.19132433e-15 5.96768161e-15 5.73814951e-15
 5.50295454e-15 5.26232883e-15 5.01650983e-15 4.76574014e-15
 4.51026724e-15 4.25034326e-15 3.98622469e-15 3.71817221e-15
 3.44645034e-15 3.17132723e-15 2.89307441e-15 2.61196648e-15
 2.32828085e-15 2.04229748e-15 1.75429862e-15 1.46456847e-15
 1.17339298e-15 8.81059483e-16 5.87856489e-16 2.94073352e-16
 0.00000000e+00]
-----------------------------------48-----------------------------------
[0.00000000e+00 1.31137673e-16 2.62145929e-16 3.92895478e-16
 5.23257288e-16 6.53102705e-16 7.82303589e-16 9.10732433e-16
 1.03826250e-15 1.16476792e-15 1.29012385e-15 1.41420659e-15
 1.53689368e-15 1.65806404e-15 1.77759809e-15 1.89537787e-15
 2.01128714e-15 2.12521151e-15 2.23703855e-15 2.34665791e-15
 2.45396140e-15 2.55884312e-15 2.66119957e-15 2.76092975e-15
 2.85793522e-15 2.95212025e-15 3.04339189e-15 3.13166007e-15
 3.21683769e-15 3.29884067e-15 3.37758810e-15 3.45300225e-15
 3.52500871e-15 3.59353641e-15 3.65851772e-15 3.71988852e-15
 3.77758824e-15 3.83155993e-15 3.88175034e-15 3.92810993e-15
 3.97059295e-15 4.00915747e-15 4.04376543e-15 4.07438269e-15
 4.10097903e-15 4.12352819e-15 4.14200793e-15 4.15640001e-15
 4.16669022e-15 4.17286841e-15 4.17492849e-15 4.17286841e-15
 4.16669022e-15 4.15640001e-15 4.14200793e-15 4.12352819e-15
 4.10097903e-15 4.07438269e-15 4.04376543e-15 4.00915747e-15
 3.97059295e-15 3.92810993e-15 3.88175034e-15 3.83155993e-15
 3.77758824e-15 3.71988852e-15 3.65851772e-15 3.59353641e-15
 3.52500871e-15 3.45300225e-15 3.37758810e-15 3.29884067e-15
 3.21683769e-15 3.13166007e-15 3.04339189e-15 2.95212025e-15
 2.85793522e-15 2.76092975e-15 2.66119957e-15 2.55884312e-15
 2.45396140e-15 2.34665791e-15 2.23703855e-15 2.12521151e-15
 2.01128714e-15 1.89537787e-15 1.77759809e-15 1.65806404e-15
 1.53689368e-15 1.41420659e-15 1.29012385e-15 1.16476792e-15
 1.03826250e-15 9.10732433e-16 7.82303589e-16 6.53102705e-16
 5.23257288e-16 3.92895478e-16 2.62145929e-16 1.31137673e-16
 0.00000000e+00]
-----------------------------------49-----------------------------------
[0.00000000e+00 5.84789106e-17 1.16900110e-16 1.75205942e-16
 2.33338868e-16 2.91241516e-16 3.48856744e-16 4.06127693e-16
 4.62997843e-16 5.19411069e-16 5.75311700e-16 6.30644567e-16
 6.85355065e-16 7.39389199e-16 7.92693646e-16 8.45215800e-16
 8.96903828e-16 9.47706720e-16 9.97574340e-16 1.04645747e-15
 1.09430788e-15 1.14107834e-15 1.18672269e-15 1.23119589e-15
 1.27445405e-15 1.31645447e-15 1.35715572e-15 1.39651761e-15
 1.43450131e-15 1.47106933e-15 1.50618558e-15 1.53981541e-15
 1.57192563e-15 1.60248455e-15 1.63146201e-15 1.65882941e-15
 1.68455975e-15 1.70862763e-15 1.73100930e-15 1.75168267e-15
 1.77062735e-15 1.78782463e-15 1.80325754e-15 1.81691085e-15
 1.82877110e-15 1.83882656e-15 1.84706733e-15 1.85348527e-15
 1.85807403e-15 1.86082911e-15 1.86174777e-15 1.86082911e-15
 1.85807403e-15 1.85348527e-15 1.84706733e-15 1.83882656e-15
 1.82877110e-15 1.81691085e-15 1.80325754e-15 1.78782463e-15
 1.77062735e-15 1.75168267e-15 1.73100930e-15 1.70862763e-15
 1.68455975e-15 1.65882941e-15 1.63146201e-15 1.60248455e-15
 1.57192563e-15 1.53981541e-15 1.50618558e-15 1.47106933e-15
 1.43450131e-15 1.39651761e-15 1.35715572e-15 1.31645447e-15
 1.27445405e-15 1.23119589e-15 1.18672269e-15 1.14107834e-15
 1.09430788e-15 1.04645747e-15 9.97574340e-16 9.47706720e-16
 8.96903828e-16 8.45215800e-16 7.92693646e-16 7.39389199e-16
 6.85355065e-16 6.30644567e-16 5.75311700e-16 5.19411069e-16
 4.62997843e-16 4.06127693e-16 3.48856744e-16 2.91241516e-16
 2.33338868e-16 1.75205942e-16 1.16900110e-16 5.84789106e-17
 0.00000000e+00]
-----------------------------------50-----------------------------------
[0.00000000e+00 2.60778075e-17 5.21298793e-17 7.81305052e-17
 1.04054026e-16 1.29874858e-16 1.55567519e-16 1.81106653e-16
 2.06467057e-16 2.31623704e-16 2.56551765e-16 2.81226641e-16
 3.05623980e-16 3.29719705e-16 3.53490037e-16 3.76911517e-16
 3.99961030e-16 4.22615831e-16 4.44853560e-16 4.66652273e-16
 4.87990456e-16 5.08847052e-16 5.29201477e-16 5.49033644e-16
 5.68323981e-16 5.87053451e-16 6.05203570e-16 6.22756426e-16
 6.39694697e-16 6.56001666e-16 6.71661241e-16 6.86657967e-16
 7.00977045e-16 7.14604343e-16 7.27526413e-16 7.39730502e-16
 7.51204567e-16 7.61937283e-16 7.71918059e-16 7.81137046e-16
 7.89585144e-16 7.97254017e-16 8.04136097e-16 8.10224591e-16
 8.15513492e-16 8.19997579e-16 8.23672427e-16 8.26534411e-16
 8.28580704e-16 8.29809289e-16 8.30218952e-16 8.29809289e-16
 8.28580704e-16 8.26534411e-16 8.23672427e-16 8.19997579e-16
 8.15513492e-16 8.10224591e-16 8.04136097e-16 7.97254017e-16
 7.89585144e-16 7.81137046e-16 7.71918059e-16 7.61937283e-16
 7.51204567e-16 7.39730502e-16 7.27526413e-16 7.14604343e-16
 7.00977045e-16 6.86657967e-16 6.71661241e-16 6.56001666e-16
 6.39694697e-16 6.22756426e-16 6.05203570e-16 5.87053451e-16
 5.68323981e-16 5.49033644e-16 5.29201477e-16 5.08847052e-16
 4.87990456e-16 4.66652273e-16 4.44853560e-16 4.22615831e-16
 3.99961030e-16 3.76911517e-16 3.53490037e-16 3.29719705e-16
 3.05623980e-16 2.81226641e-16 2.56551765e-16 2.31623704e-16
 2.06467057e-16 1.81106653e-16 1.55567519e-16 1.29874858e-16
 1.04054026e-16 7.81305052e-17 5.21298793e-17 2.60778075e-17
 0.00000000e+00]
-----------------------------------51-----------------------------------
[0.00000000e+00 1.16290135e-17 2.32465506e-17 3.48411462e-17
 4.64013577e-17 5.79157767e-17 6.93730399e-17 8.07618402e-17
 9.20709383e-17 1.03289174e-16 1.14405475e-16 1.25408872e-16
 1.36288505e-16 1.47033638e-16 1.57633667e-16 1.68078130e-16
 1.78356721e-16 1.88459295e-16 1.98375882e-16 2.08096697e-16
 2.17612145e-16 2.26912836e-16 2.35989591e-16 2.44833454e-16
 2.53435695e-16 2.61787826e-16 2.69881604e-16 2.77709041e-16
 2.85262413e-16 2.92534265e-16 2.99517422e-16 3.06204990e-16
 3.12590372e-16 3.18667265e-16 3.24429671e-16 3.29871905e-16
 3.34988594e-16 3.39774691e-16 3.44225471e-16 3.48336542e-16
 3.52103846e-16 3.55523667e-16 3.58592629e-16 3.61307703e-16
 3.63666211e-16 3.65665823e-16 3.67304568e-16 3.68580827e-16
 3.69493341e-16 3.70041210e-16 3.70223894e-16 3.70041210e-16
 3.69493341e-16 3.68580827e-16 3.67304568e-16 3.65665823e-16
 3.63666211e-16 3.61307703e-16 3.58592629e-16 3.55523667e-16
 3.52103846e-16 3.48336542e-16 3.44225471e-16 3.39774691e-16
 3.34988594e-16 3.29871905e-16 3.24429671e-16 3.18667265e-16
 3.12590372e-16 3.06204990e-16 2.99517422e-16 2.92534265e-16
 2.85262413e-16 2.77709041e-16 2.69881604e-16 2.61787826e-16
 2.53435695e-16 2.44833454e-16 2.35989591e-16 2.26912836e-16
 2.17612145e-16 2.08096697e-16 1.98375882e-16 1.88459295e-16
 1.78356721e-16 1.68078130e-16 1.57633667e-16 1.47033638e-16
 1.36288505e-16 1.25408872e-16 1.14405475e-16 1.03289174e-16
 9.20709383e-17 8.07618402e-17 6.93730399e-17 5.79157767e-17
 4.64013577e-17 3.48411462e-17 2.32465506e-17 1.16290135e-17
 0.00000000e+00]
-----------------------------------52-----------------------------------
[0.00000000e+00 5.18578702e-18 1.03664563e-17 1.55368951e-17
 2.06920009e-17 2.58266862e-17 3.09358837e-17 3.60145512e-17
 4.10576766e-17 4.60602831e-17 5.10174337e-17 5.59242362e-17
 6.07758483e-17 6.55674819e-17 7.02944083e-17 7.49519627e-17
 7.95355485e-17 8.40406423e-17 8.84627981e-17 9.27976519e-17
 9.70409256e-17 1.01188432e-16 1.05236077e-16 1.09179867e-16
 1.13015909e-16 1.16740419e-16 1.20349720e-16 1.23840250e-16
 1.27208565e-16 1.30451340e-16 1.33565375e-16 1.36547598e-16
 1.39395065e-16 1.42104965e-16 1.44674626e-16 1.47101509e-16
 1.49383222e-16 1.51517511e-16 1.53502270e-16 1.55335542e-16
 1.57015516e-16 1.58540534e-16 1.59909093e-16 1.61119840e-16
 1.62171582e-16 1.63063279e-16 1.63794053e-16 1.64363182e-16
 1.64770105e-16 1.65014419e-16 1.65095884e-16 1.65014419e-16
 1.64770105e-16 1.64363182e-16 1.63794053e-16 1.63063279e-16
 1.62171582e-16 1.61119840e-16 1.59909093e-16 1.58540534e-16
 1.57015516e-16 1.55335542e-16 1.53502270e-16 1.51517511e-16
 1.49383222e-16 1.47101509e-16 1.44674626e-16 1.42104965e-16
 1.39395065e-16 1.36547598e-16 1.33565375e-16 1.30451340e-16
 1.27208565e-16 1.23840250e-16 1.20349720e-16 1.16740419e-16
 1.13015909e-16 1.09179867e-16 1.05236077e-16 1.01188432e-16
 9.70409256e-17 9.27976519e-17 8.84627981e-17 8.40406423e-17
 7.95355485e-17 7.49519627e-17 7.02944083e-17 6.55674819e-17
 6.07758483e-17 5.59242362e-17 5.10174337e-17 4.60602831e-17
 4.10576766e-17 3.60145512e-17 3.09358837e-17 2.58266862e-17
 2.06920009e-17 1.55368951e-17 1.03664563e-17 5.18578702e-18
 0.00000000e+00]
-----------------------------------53-----------------------------------
[0.00000000e+00 2.31252522e-18 4.62276825e-18 6.92844917e-18
 9.22729255e-18 1.15170297e-17 1.37954009e-17 1.60601578e-17
 1.83090652e-17 2.05399038e-17 2.27504719e-17 2.49385881e-17
 2.71020929e-17 2.92388513e-17 3.13467544e-17 3.34237220e-17
 3.54677045e-17 3.74766846e-17 3.94486798e-17 4.13817438e-17
 4.32739691e-17 4.51234882e-17 4.69284759e-17 4.86871509e-17
 5.03977775e-17 5.20586675e-17 5.36681820e-17 5.52247324e-17
 5.67267827e-17 5.81728505e-17 5.95615087e-17 6.08913870e-17
 6.21611727e-17 6.33696129e-17 6.45155149e-17 6.55977480e-17
 6.66152439e-17 6.75669986e-17 6.84520729e-17 6.92695933e-17
 7.00187529e-17 7.06988125e-17 7.13091008e-17 7.18490157e-17
 7.23180243e-17 7.27156638e-17 7.30415416e-17 7.32953363e-17
 7.34767973e-17 7.35857456e-17 7.36220737e-17 7.35857456e-17
 7.34767973e-17 7.32953363e-17 7.30415416e-17 7.27156638e-17
 7.23180243e-17 7.18490157e-17 7.13091008e-17 7.06988125e-17
 7.00187529e-17 6.92695933e-17 6.84520729e-17 6.75669986e-17
 6.66152439e-17 6.55977480e-17 6.45155149e-17 6.33696129e-17
 6.21611727e-17 6.08913870e-17 5.95615087e-17 5.81728505e-17
 5.67267827e-17 5.52247324e-17 5.36681820e-17 5.20586675e-17
 5.03977775e-17 4.86871509e-17 4.69284759e-17 4.51234882e-17
 4.32739691e-17 4.13817438e-17 3.94486798e-17 3.74766846e-17
 3.54677045e-17 3.34237220e-17 3.13467544e-17 2.92388513e-17
 2.71020929e-17 2.49385881e-17 2.27504719e-17 2.05399038e-17
 1.83090652e-17 1.60601578e-17 1.37954009e-17 1.15170297e-17
 9.22729255e-18 6.92844917e-18 4.62276825e-18 2.31252522e-18
 0.00000000e+00]
-----------------------------------54-----------------------------------
[0.00000000e+00 1.03123651e-18 2.06145530e-18 3.08963970e-18
 4.11477499e-18 5.13584949e-18 6.15185553e-18 7.16179043e-18
 8.16465751e-18 9.15946706e-18 1.01452373e-17 1.11209955e-17
 1.20857785e-17 1.30386344e-17 1.39786227e-17 1.49048157e-17
 1.58162996e-17 1.67121746e-17 1.75915568e-17 1.84535782e-17
 1.92973881e-17 2.01221539e-17 2.09270615e-17 2.17113167e-17
 2.24741454e-17 2.32147948e-17 2.39325340e-17 2.46266547e-17
 2.52964719e-17 2.59413245e-17 2.65605761e-17 2.71536157e-17
 2.77198579e-17 2.82587440e-17 2.87697421e-17 2.92523480e-17
 2.97060853e-17 3.01305063e-17 3.05251921e-17 3.08897532e-17
 3.12238299e-17 3.15270924e-17 3.17992415e-17 3.20400086e-17
 3.22491561e-17 3.24264775e-17 3.25717979e-17 3.26849739e-17
 3.27658938e-17 3.28144777e-17 3.28306776e-17 3.28144777e-17
 3.27658938e-17 3.26849739e-17 3.25717979e-17 3.24264775e-17
 3.22491561e-17 3.20400086e-17 3.17992415e-17 3.15270924e-17
 3.12238299e-17 3.08897532e-17 3.05251921e-17 3.01305063e-17
 2.97060853e-17 2.92523480e-17 2.87697421e-17 2.82587440e-17
 2.77198579e-17 2.71536157e-17 2.65605761e-17 2.59413245e-17
 2.52964719e-17 2.46266547e-17 2.39325340e-17 2.32147948e-17
 2.24741454e-17 2.17113167e-17 2.09270615e-17 2.01221539e-17
 1.92973881e-17 1.84535782e-17 1.75915568e-17 1.67121746e-17
 1.58162996e-17 1.49048157e-17 1.39786227e-17 1.30386344e-17
 1.20857785e-17 1.11209955e-17 1.01452373e-17 9.15946706e-18
 8.16465751e-18 7.16179043e-18 6.15185553e-18 5.13584949e-18
 4.11477499e-18 3.08963970e-18 2.06145530e-18 1.03123651e-18
 0.00000000e+00]
-----------------------------------55-----------------------------------
[0.00000000e+00 4.59864706e-19 9.19275581e-19 1.37777924e-18
 1.83492320e-18 2.29025631e-18 2.74332922e-18 3.19369479e-18
 3.64090857e-18 4.08452921e-18 4.52411891e-18 4.95924386e-18
 5.38947463e-18 5.81438664e-18 6.23356055e-18 6.64658269e-18
 7.05304546e-18 7.45254772e-18 7.84469522e-18 8.22910095e-18
 8.60538555e-18 8.97317767e-18 9.33211435e-18 9.68184136e-18
 1.00220136e-17 1.03522953e-17 1.06723605e-17 1.09818934e-17
 1.12805884e-17 1.15681509e-17 1.18442971e-17 1.21087543e-17
 1.23612617e-17 1.26015700e-17 1.28294421e-17 1.30446530e-17
 1.32469905e-17 1.34362548e-17 1.36122591e-17 1.37748297e-17
 1.39238063e-17 1.40590418e-17 1.41804026e-17 1.42877692e-17
 1.43810354e-17 1.44601093e-17 1.45249128e-17 1.45753819e-17
 1.46114669e-17 1.46331322e-17 1.46403563e-17 1.46331322e-17
 1.46114669e-17 1.45753819e-17 1.45249128e-17 1.44601093e-17
 1.43810354e-17 1.42877692e-17 1.41804026e-17 1.40590418e-17
 1.39238063e-17 1.37748297e-17 1.36122591e-17 1.34362548e-17
 1.32469905e-17 1.30446530e-17 1.28294421e-17 1.26015700e-17
 1.23612617e-17 1.21087543e-17 1.18442971e-17 1.15681509e-17
 1.12805884e-17 1.09818934e-17 1.06723605e-17 1.03522953e-17
 1.00220136e-17 9.68184136e-18 9.33211435e-18 8.97317767e-18
 8.60538555e-18 8.22910095e-18 7.84469522e-18 7.45254772e-18
 7.05304546e-18 6.64658269e-18 6.23356055e-18 5.81438664e-18
 5.38947463e-18 4.95924386e-18 4.52411891e-18 4.08452921e-18
 3.64090857e-18 3.19369479e-18 2.74332922e-18 2.29025631e-18
 1.83492320e-18 1.37777924e-18 9.19275581e-19 4.59864706e-19
 0.00000000e+00]
-----------------------------------56-----------------------------------
[0.00000000e+00 2.05069881e-19 4.09937384e-19 6.14400327e-19
 8.18256932e-19 1.02130602e-18 1.22334719e-18 1.42418108e-18
 1.62360946e-18 1.82143554e-18 2.01746409e-18 2.21150164e-18
 2.40335670e-18 2.59283994e-18 2.77976437e-18 2.96394550e-18
 3.14520157e-18 3.32335371e-18 3.49822610e-18 3.66964617e-18
 3.83744473e-18 4.00145620e-18 4.16151872e-18 4.31747432e-18
 4.46916910e-18 4.61645334e-18 4.75918171e-18 4.89721333e-18
 5.03041200e-18 5.15864625e-18 5.28178955e-18 5.39972036e-18
 5.51232229e-18 5.61948423e-18 5.72110042e-18 5.81707057e-18
 5.90729998e-18 5.99169959e-18 6.07018612e-18 6.14268211e-18
 6.20911601e-18 6.26942226e-18 6.32354135e-18 6.37141987e-18
 6.41301057e-18 6.44827240e-18 6.47717057e-18 6.49967654e-18
 6.51576813e-18 6.52542943e-18 6.52865093e-18 6.52542943e-18
 6.51576813e-18 6.49967654e-18 6.47717057e-18 6.44827240e-18
 6.41301057e-18 6.37141987e-18 6.32354135e-18 6.26942226e-18
 6.20911601e-18 6.14268211e-18 6.07018612e-18 5.99169959e-18
 5.90729998e-18 5.81707057e-18 5.72110042e-18 5.61948423e-18
 5.51232229e-18 5.39972036e-18 5.28178955e-18 5.15864625e-18
 5.03041200e-18 4.89721333e-18 4.75918171e-18 4.61645334e-18
 4.46916910e-18 4.31747432e-18 4.16151872e-18 4.00145620e-18
 3.83744473e-18 3.66964617e-18 3.49822610e-18 3.32335371e-18
 3.14520157e-18 2.96394550e-18 2.77976437e-18 2.59283994e-18
 2.40335670e-18 2.21150164e-18 2.01746409e-18 1.82143554e-18
 1.62360946e-18 1.42418108e-18 1.22334719e-18 1.02130602e-18
 8.18256932e-19 6.14400327e-19 4.09937384e-19 2.05069881e-19
 0.00000000e+00]
-----------------------------------57-----------------------------------
[0.00000000e+00 9.14478883e-20 1.82805529e-19 2.73982762e-19
 3.64889607e-19 4.55436351e-19 5.45533633e-19 6.35092540e-19
 7.24024687e-19 8.12242310e-19 8.99658347e-19 9.86186530e-19
 1.07174147e-18 1.15623872e-18 1.23959491e-18 1.32172777e-18
 1.40255624e-18 1.48200056e-18 1.55998232e-18 1.63642457e-18
 1.71125187e-18 1.78439036e-18 1.85576788e-18 1.92531398e-18
 1.99296003e-18 2.05863926e-18 2.12228687e-18 2.18384004e-18
 2.24323802e-18 2.30042219e-18 2.35533613e-18 2.40792563e-18
 2.45813881e-18 2.50592609e-18 2.55124033e-18 2.59403680e-18
 2.63427328e-18 2.67191004e-18 2.70690995e-18 2.73923846e-18
 2.76886368e-18 2.79575637e-18 2.81988998e-18 2.84124070e-18
 2.85978746e-18 2.87551195e-18 2.88839866e-18 2.89843487e-18
 2.90561067e-18 2.90991899e-18 2.91135557e-18 2.90991899e-18
 2.90561067e-18 2.89843487e-18 2.88839866e-18 2.87551195e-18
 2.85978746e-18 2.84124070e-18 2.81988998e-18 2.79575637e-18
 2.76886368e-18 2.73923846e-18 2.70690995e-18 2.67191004e-18
 2.63427328e-18 2.59403680e-18 2.55124033e-18 2.50592609e-18
 2.45813881e-18 2.40792563e-18 2.35533613e-18 2.30042219e-18
 2.24323802e-18 2.18384004e-18 2.12228687e-18 2.05863926e-18
 1.99296003e-18 1.92531398e-18 1.85576788e-18 1.78439036e-18
 1.71125187e-18 1.63642457e-18 1.55998232e-18 1.48200056e-18
 1.40255624e-18 1.32172777e-18 1.23959491e-18 1.15623872e-18
 1.07174147e-18 9.86186530e-19 8.99658347e-19 8.12242310e-19
 7.24024687e-19 6.35092540e-19 5.45533633e-19 4.55436351e-19
 3.64889607e-19 2.73982762e-19 1.82805529e-19 9.14478883e-20
 0.00000000e+00]
-----------------------------------58-----------------------------------
[0.00000000e+00 4.07798367e-20 8.15194286e-20 1.22178571e-19
 1.62717137e-19 2.03095122e-19 2.43272676e-19 2.83210149e-19
 3.22868128e-19 3.62207475e-19 4.01189367e-19 4.39775334e-19
 4.77927296e-19 5.15607600e-19 5.52779063e-19 5.89404999e-19
 6.25449264e-19 6.60876286e-19 6.95651103e-19 7.29739396e-19
 7.63107524e-19 7.95722558e-19 8.27552309e-19 8.58565366e-19
 8.88731123e-19 9.18019809e-19 9.46402521e-19 9.73851247e-19
 1.00033890e-18 1.02583934e-18 1.05032740e-18 1.07377891e-18
 1.09617074e-18 1.11748077e-18 1.13768799e-18 1.15677244e-18
 1.17471530e-18 1.19149886e-18 1.20710656e-18 1.22152298e-18
 1.23473391e-18 1.24672631e-18 1.25748833e-18 1.26700937e-18
 1.27528003e-18 1.28229213e-18 1.28803877e-18 1.29251427e-18
 1.29571421e-18 1.29763544e-18 1.29827606e-18 1.29763544e-18
 1.29571421e-18 1.29251427e-18 1.28803877e-18 1.28229213e-18
 1.27528003e-18 1.26700937e-18 1.25748833e-18 1.24672631e-18
 1.23473391e-18 1.22152298e-18 1.20710656e-18 1.19149886e-18
 1.17471530e-18 1.15677244e-18 1.13768799e-18 1.11748077e-18
 1.09617074e-18 1.07377891e-18 1.05032740e-18 1.02583934e-18
 1.00033890e-18 9.73851247e-19 9.46402521e-19 9.18019809e-19
 8.88731123e-19 8.58565366e-19 8.27552309e-19 7.95722558e-19
 7.63107524e-19 7.29739396e-19 6.95651103e-19 6.60876286e-19
 6.25449264e-19 5.89404999e-19 5.52779063e-19 5.15607600e-19
 4.77927296e-19 4.39775334e-19 4.01189367e-19 3.62207475e-19
 3.22868128e-19 2.83210149e-19 2.43272676e-19 2.03095122e-19
 1.62717137e-19 1.22178571e-19 8.15194286e-20 4.07798367e-20
 0.00000000e+00]
-----------------------------------59-----------------------------------
[0.00000000e+00 1.81851666e-20 3.63523865e-20 5.44837311e-20
 7.25613068e-20 9.05672733e-20 1.08483861e-19 1.26293388e-19
 1.43978279e-19 1.61521080e-19 1.78904480e-19 1.96111322e-19
 2.13124627e-19 2.29927603e-19 2.46503668e-19 2.62836464e-19
 2.78909872e-19 2.94708030e-19 3.10215347e-19 3.25416518e-19
 3.40296543e-19 3.54840736e-19 3.69034744e-19 3.82864559e-19
 3.96316533e-19 4.09377391e-19 4.22034242e-19 4.34274597e-19
 4.46086375e-19 4.57457920e-19 4.68378009e-19 4.78835865e-19
 4.88821168e-19 4.98324064e-19 5.07335174e-19 5.15845606e-19
 5.23846960e-19 5.31331340e-19 5.38291361e-19 5.44720153e-19
 5.50611372e-19 5.55959204e-19 5.60758372e-19 5.65004138e-19
 5.68692314e-19 5.71819259e-19 5.74381887e-19 5.76377670e-19
 5.77804638e-19 5.78661383e-19 5.78947058e-19 5.78661383e-19
 5.77804638e-19 5.76377670e-19 5.74381887e-19 5.71819259e-19
 5.68692314e-19 5.65004138e-19 5.60758372e-19 5.55959204e-19
 5.50611372e-19 5.44720153e-19 5.38291361e-19 5.31331340e-19
 5.23846960e-19 5.15845606e-19 5.07335174e-19 4.98324064e-19
 4.88821168e-19 4.78835865e-19 4.68378009e-19 4.57457920e-19
 4.46086375e-19 4.34274597e-19 4.22034242e-19 4.09377391e-19
 3.96316533e-19 3.82864559e-19 3.69034744e-19 3.54840736e-19
 3.40296543e-19 3.25416518e-19 3.10215347e-19 2.94708030e-19
 2.78909872e-19 2.62836464e-19 2.46503668e-19 2.29927603e-19
 2.13124627e-19 1.96111322e-19 1.78904480e-19 1.61521080e-19
 1.43978279e-19 1.26293388e-19 1.08483861e-19 9.05672733e-20
 7.25613068e-20 5.44837311e-20 3.63523865e-20 1.81851666e-20
 0.00000000e+00]
-----------------------------------60-----------------------------------
[0.00000000e+00 8.10940675e-21 1.62108105e-20 2.42962161e-20
 3.23576443e-20 4.03871394e-20 4.83767773e-20 5.63186731e-20
 6.42049892e-20 7.20279428e-20 7.97798134e-20 8.74529510e-20
 9.50397831e-20 1.02532822e-19 1.09924674e-19 1.17208044e-19
 1.24375743e-19 1.31420698e-19 1.38335957e-19 1.45114695e-19
 1.51750223e-19 1.58235991e-19 1.64565600e-19 1.70732802e-19
 1.76731511e-19 1.82555808e-19 1.88199944e-19 1.93658350e-19
 1.98925638e-19 2.03996611e-19 2.08866263e-19 2.13529790e-19
 2.17982589e-19 2.22220265e-19 2.26238636e-19 2.30033738e-19
 2.33601824e-19 2.36939373e-19 2.40043091e-19 2.42909916e-19
 2.45537018e-19 2.47921805e-19 2.50061923e-19 2.51955260e-19
 2.53599948e-19 2.54994363e-19 2.56137129e-19 2.57027119e-19
 2.57663454e-19 2.58045507e-19 2.58172899e-19 2.58045507e-19
 2.57663454e-19 2.57027119e-19 2.56137129e-19 2.54994363e-19
 2.53599948e-19 2.51955260e-19 2.50061923e-19 2.47921805e-19
 2.45537018e-19 2.42909916e-19 2.40043091e-19 2.36939373e-19
 2.33601824e-19 2.30033738e-19 2.26238636e-19 2.22220265e-19
 2.17982589e-19 2.13529790e-19 2.08866263e-19 2.03996611e-19
 1.98925638e-19 1.93658350e-19 1.88199944e-19 1.82555808e-19
 1.76731511e-19 1.70732802e-19 1.64565600e-19 1.58235991e-19
 1.51750223e-19 1.45114695e-19 1.38335957e-19 1.31420698e-19
 1.24375743e-19 1.17208044e-19 1.09924674e-19 1.02532822e-19
 9.50397831e-20 8.74529510e-20 7.97798134e-20 7.20279428e-20
 6.42049892e-20 5.63186731e-20 4.83767773e-20 4.03871394e-20
 3.23576443e-20 2.42962161e-20 1.62108105e-20 8.10940675e-21
 0.00000000e+00]
